0.252772
0
0
en
1
0
en
2
0
en
3
0
en
EOL
23
-2
3 en
22
-8
3 en
21
-4
3 en
EHL
4
6.75
en
5
2
0 en
6
1
3 en
7
-2.33333
2 en
8
-9.25
2 en
9
-2
0 en
10
-5.5
3 2 en
11
-2
3 en
12
-3
2 0 en
13
0
22 en
14
1
2 21 en
15
-1.33333
0 23 en
16
1.33333
1 2 en
17
-1.25
3 2 0 en
18
-3.33333
3 en
19
-0.5
3 2 en
EIL
0.252772
0
0
en
1
0
en
2
0
en
3
0
en
EOL
23
-2
3 en
22
-8
3 en
21
-4
3 en
EHL
4
6.75
en
5
2
0 en
6
1
3 en
7
-2.33333
2 en
8
-9.25
2 en
9
-3
0 en
10
-5.5
3 2 en
11
2
3 en
12
-3
2 0 en
13
0
22 en
14
1
2 21 en
15
-1.33333
0 23 en
16
-1.5
1 2 en
17
0.25
3 2 0 en
18
-3.33333
3 en
19
-0.5
3 2 en
EIL
0.483831
0
0
en
1
0
en
2
0
en
3
0
en
EOL
23
-1.66667
3 en
22
-8
3 en
21
-4
3 en
EHL
4
6.75
en
5
-1
0 en
6
1
3 en
7
-2.33333
2 en
8
-9.25
2 en
9
-3
0 en
10
-5.5
3 2 en
11
2
3 en
12
-3
2 0 en
13
0
22 en
14
1
2 21 en
15
-1.33333
0 23 en
16
1.33333
1 2 en
17
0.25
3 2 0 en
18
-3.33333
3 en
19
-0.5
3 2 en
EIL
0.752772
0
0
en
1
0
en
2
0
en
3
0
en
EOL
23
-2
3 en
22
-8
3 en
21
-4
3 en
EHL
4
6.75
en
5
2
0 en
6
1
3 en
7
-2.33333
2 en
8
-9.25
2 en
9
-3
0 en
10
-4.75
3 2 en
11
1
3 en
12
-3
2 0 en
13
0
22 en
14
1
2 21 en
15
-1.33333
0 23 en
16
1.33333
1 2 en
17
0.25
3 2 0 en
18
-5.33333
3 en
19
-0.5
3 2 en
EIL
0.252772
0
0
en
1
0
en
2
0
en
3
0
en
EOL
23
-2
3 en
22
-8
3 en
21
-4
3 en
EHL
4
6.75
en
5
2
0 en
6
1
3 en
7
-2.33333
2 en
8
-9.25
2 en
9
-2
0 en
10
-5.5
3 2 en
11
-2
3 en
12
-3
2 0 en
13
0
22 en
14
1
2 21 en
15
-1.33333
0 23 en
16
1.33333
1 2 en
17
0.25
3 2 0 en
18
-3.33333
3 en
19
-0.5
3 2 en
EIL
0.252772
0
0
en
1
0
en
2
0
en
3
0
en
EOL
23
-2
3 en
22
-8
3 en
21
-4
3 en
EHL
4
6.75
en
5
2
0 en
6
1
3 en
7
-2.33333
2 en
8
-9.25
2 en
9
-3
0 en
10
-5.5
3 2 en
11
2
3 en
12
-3
2 0 en
13
0
22 en
14
1
2 21 en
15
-1.33333
0 23 en
16
1.33333
1 2 en
17
0.25
3 2 0 en
18
-3.33333
3 en
19
-0.5
3 2 en
EIL
0.483831
0
0
en
1
0
en
2
0
en
3
0
en
EOL
23
-1.66667
3 en
22
-8
3 en
21
-4
3 en
EHL
4
6.75
en
5
2
0 en
6
1
3 en
7
-2.33333
2 en
8
-9.25
2 en
9
-3
0 en
10
-5.5
3 2 en
11
2
3 en
12
-3
2 0 en
13
0
22 en
14
1
2 21 en
15
-1.33333
0 23 en
16
1.33333
1 2 en
17
0.25
3 2 0 en
18
-3.33333
3 en
19
-0.5
3 2 en
EIL
0.752772
0
0
en
1
0
en
2
0
en
3
0
en
EOL
23
-2
3 en
22
-8
3 en
21
-4
3 en
EHL
4
6.75
en
5
2
0 en
6
1
3 en
7
-2.33333
2 en
8
-9.25
2 en
9
-3
0 en
10
-5.5
3 2 en
11
1
3 en
12
-3
2 0 en
13
0
22 en
14
1
2 21 en
15
-1.33333
0 23 en
16
1.33333
1 2 en
17
0.25
3 2 0 en
18
-3.33333
3 en
19
-0.5
3 2 en
EIL

END
