0
0
en
1
0
en
2
0
en
3
0
en
EOL
41
-7
en
EHL
4
-2
0 en
5
0.583333
1 3 en
6
-0.666667
3 en
7
2
3 en
8
14.25
3 en
9
1
2 en
10
22.5833
en
11
-0.25
2 1 en
12
-0.333333
3 2 en
13
0.5
1 en
14
-10
en
15
0.5
en
16
8.66667
en
17
2.5
en
18
2
1 0 en
19
1.58333
2 0 en
EIL
0
0
en
1
0
en
2
0
en
3
0
en
EOL
EHL
4
-2
0 en
5
0.583333
1 3 en
6
-0.333333
3 en
7
1.66667
3 en
8
14.25
3 en
9
1
2 en
10
22.5833
en
11
-0.25
2 1 en
12
0
3 2 en
13
0.5
1 en
14
-10
en
15
0.5
en
16
8.66667
en
17
0.833333
en
18
2
1 0 en
19
1.58333
2 0 en
EIL
0
0
en
1
0
en
2
0
en
3
0
en
EOL
41
-7
en
EHL
4
-2
0 en
5
0.583333
1 3 en
6
-0.666667
3 en
7
2.16667
3 en
8
14.25
3 en
9
1
2 en
10
22.5833
en
11
-0.25
2 1 en
12
-0.333333
3 2 en
13
0.5
1 en
14
-10
en
15
-2.5
en
16
8.66667
en
17
2.5
en
18
2
1 0 en
19
1.58333
2 0 en
EIL
0
0
en
1
0
en
2
0
en
3
0
en
EOL
42
9
en
41
-7
en
EHL
4
-1.33333
0 3 en
5
-1.41667
1 3 en
6
-0.666667
3 en
7
2.16667
3 en
8
14.25
3 en
9
1
2 en
10
22.5833
en
11
-0.25
2 1 en
12
-0.333333
3 2 en
13
0.5
1 en
14
-10
en
15
0.5
en
16
8.66667
en
17
1.75
en
18
2
1 0 en
19
1.58333
2 0 en
EIL
0
0
en
1
0
en
2
0
en
3
0
en
EOL
41
-7
en
EHL
4
-2
0 en
5
0.583333
1 3 en
6
-0.666667
3 en
7
1.66667
3 en
8
14.25
3 en
9
1
2 en
10
22.5833
en
11
-0.25
2 1 en
12
-0.333333
3 2 en
13
0.5
1 en
14
-10
en
15
0.5
en
16
8.66667
en
17
2.5
en
18
2
1 0 en
19
1.58333
2 0 en
EIL
0
0
en
1
0
en
2
0
en
3
0
en
EOL
41
-7
en
EHL
4
-2
0 en
5
0.583333
1 3 en
6
-0.666667
3 en
7
1.66667
3 en
8
14.25
3 en
9
1
2 en
10
22.5833
en
11
-0.25
2 1 en
12
-0.333333
3 2 en
13
0.5
1 en
14
-10
en
15
0.5
en
16
8.66667
en
17
0.833333
en
18
2
1 0 en
19
1.58333
2 0 en
EIL
0
0
en
1
0
en
2
0
en
3
0
en
EOL
41
-7
en
EHL
4
-2
0 en
5
0.583333
1 3 en
6
-0.666667
3 en
7
2.16667
3 en
8
14.25
3 en
9
1
2 en
10
22.5833
en
11
-0.25
2 1 en
12
-0.333333
3 2 en
13
0.5
1 en
14
-10
en
15
0.5
en
16
8.66667
en
17
2.5
en
18
2
1 0 en
19
1.58333
2 0 en
EIL
0
0
en
1
0
en
2
0
en
3
0
en
EOL
42
9
en
41
-7
en
EHL
4
-1.33333
0 en
5
0.583333
1 3 en
6
-0.666667
3 en
7
2.16667
3 en
8
14.25
3 en
9
1
2 en
10
22.5833
en
11
-0.25
2 1 en
12
-0.333333
3 2 en
13
0.5
1 en
14
-10
en
15
0.5
en
16
8.66667
en
17
2.5
en
18
2
1 0 en
19
1.58333
2 0 en
EIL

END
