0
0
en
1
0
en
2
0
en
3
0
en
EOL
161
-9
56 en
158
-1.33333
26 en
142
-14.1667
en
135
-1.33333
en
146
-0.833333
en
128
-9.16667
111 21 en
144
0.5
en
108
-0.5
25 en
94
-6
136 en
136
-3.5
107 en
112
6.25
en
92
-4.33333
50 70 en
88
-4
41 155 en
155
8
56 109 en
82
-0.666667
70 en
76
-1
en
75
0
125 154 en
154
0.5
72 en
125
-14.75
32 131 en
68
3
62 102 en
43
6.16667
1 20 98 110 107 en
110
-0.333333
49 en
98
-4
66 en
121
-0.333333
130 en
160
-6
en
130
-10.6667
24 en
48
3.91667
52 43 en
141
1
en
56
-3.16667
35 86 54 en
126
-5.83333
66 en
52
1.5
78 en
46
7
71 76 135 en
66
-6
61 24 104 en
104
-11.5
en
61
-3.66667
47 40 60 23 en
41
-0.5
37 57 90 27 en
57
-4
49 65 en
40
-6.33333
28 34 41 83 84 en
83
2
21 80 en
77
9
138 en
138
4
38 en
38
4.66667
113 138 en
113
8.5
29 40 111 152 en
152
-1.91667
20 en
35
-2.33333
24 20 80 en
33
-0.25
30 101 122 en
122
-0.333333
57 123 en
123
1
63 108 en
124
-1.41667
en
101
-3
98 69 en
32
-4.16667
en
84
-1
94 25 en
29
2.5
en
119
8.58333
104 en
28
-0.333333
58 78 108 en
58
-2.66667
54 en
156
0.333333
en
80
-2.66667
en
89
-4
en
27
1.66667
50 en
50
-2.66667
53 64 en
53
-0.833333
79 en
81
-3
en
103
0.333333
en
105
-20.3333
145 en
145
-1.66667
74 101 en
107
-1.83333
72 en
79
-10.25
25 85 134 115 en
134
-3.66667
en
85
-0.0833333
47 150 en
150
-9
66 en
47
-5
45 24 62 50 en
62
-3
112 157 en
157
9.25
56 150 en
31
-3.25
117 en
117
0
74 en
74
4
64 en
91
1.33333
115 en
115
-1.66667
39 88 en
24
6
0 159 en
159
-0.0833333
46 en
143
-5.75
en
45
4.91667
20 55 75 114 en
114
-2.66667
en
54
3
55 en
55
4
46 78 en
78
-3
0 en
22
0.5
3 44 en
49
-1.58333
75 45 132 139 en
139
-1.66667
93 en
132
-2.41667
127 en
93
1
29 36 147 en
147
-2.5
120 en
44
8
32 51 80 en
51
-4.25
72 21 en
72
-1.33333
70 en
90
5.41667
140 en
140
-1.75
62 en
37
-5.16667
en
86
-12.9167
95 en
95
-2.5
23 en
63
-10
100 en
100
-4
29 en
42
-0.666667
en
59
1.66667
128 en
111
2
116 155 162 en
162
4
120 en
120
-0.25
103 137 en
137
3.75
86 en
118
8
en
116
-12
20 en
21
4.66667
23 60 73 133 en
133
-2.5
25 en
73
-6
44 72 45 en
60
2
42 75 149 143 en
149
-5.66667
87 en
25
-9
22 28 30 151 en
151
-2.83333
20 en
30
2.75
24 en
39
-2.08333
69 66 93 117 114 en
96
-4.83333
en
69
-6.41667
en
64
-15.25
67 82 en
67
-4.83333
en
106
-3.33333
27 en
97
-7.08333
56 en
129
-2.66667
en
71
-0.666667
131 133 25 163 en
163
4
46 en
131
5.75
96 en
26
-5
65 en
65
12
70 46 63 en
148
2
127 153 en
153
7.75
64 en
70
-10.9167
50 102 29 en
102
-2
63 en
23
4.5
34 0 127 en
127
1.33333
3 en
87
-3.5
en
36
0
86 99 en
99
3.66667
98 en
34
-3
28 36 62 en
20
3
78 en
109
8
97 en
EHL
4
0
3 21 128 en
5
0
1 2 108 en
6
0
1 40 65 135 en
7
0
1 23 33 76 82 en
8
0
22 79 en
9
0
2 24 en
10
0
0 2 3 en
11
0
1 24 32 45 en
12
0
2 51 en
13
0
2 20 38 42 101 37 142 en
14
0
1 161 en
15
0
2 3 35 68 92 94 en
16
0
24 33 en
17
0
21 88 90 en
18
0
21 32 43 25 54 en
19
0
3 en
EIL
0
0
en
1
0
en
2
0
en
3
0
en
EOL
161
-1.5
56 en
158
-2.83333
26 en
142
-18.1667
en
135
0.333333
en
146
1
en
128
-13.4167
111 21 en
144
0.666667
43 en
108
-3
25 en
94
-2.33333
136 en
136
-2
107 en
112
-1
94 en
92
4
50 70 en
88
0
41 155 en
155
9
56 109 en
82
-0.666667
70 en
76
0
en
75
1
125 154 en
154
2
72 en
125
-3.83333
32 131 en
68
4
62 102 en
43
7.41667
1 20 98 110 107 en
110
-2.33333
49 en
98
-1.5
66 en
121
-1.91667
130 en
160
7
en
130
-11.6667
24 en
48
1.91667
52 43 en
141
3.58333
en
56
-6.5
35 86 54 en
126
-2.83333
66 en
52
-1
78 en
46
3.75
71 76 135 en
66
-5.5
61 24 104 en
104
-10.5
en
61
-2.33333
47 40 60 23 en
41
-1
37 57 90 27 en
57
-4.16667
49 65 en
40
2.25
28 34 41 83 84 en
83
0.75
21 80 en
77
5
138 en
138
-1
38 en
38
2.41667
113 138 en
113
6.5
29 40 111 152 en
152
0.75
20 en
35
-3.33333
24 20 80 en
33
-0.333333
30 101 122 en
122
-0.333333
57 123 en
123
-2.33333
63 108 en
124
3.91667
en
101
-7.5
98 69 en
32
-4.16667
118 en
84
0
94 25 en
29
1.5
en
119
7.25
104 en
28
1.58333
58 78 108 en
58
-5.25
54 en
156
2.58333
en
80
3
en
89
-1
en
27
1.66667
50 en
50
2.5
53 64 en
53
-0.833333
79 en
81
1
en
103
-1
en
105
-20.6667
145 en
145
7
74 en
107
-0.333333
72 en
79
-10.75
25 85 134 115 en
134
-5
en
85
-4
47 150 en
150
3.5
66 en
47
-5.5
45 24 62 50 en
62
-3
112 157 en
157
-4.33333
56 150 en
31
-0.75
117 en
117
-3.33333
74 en
74
4
64 en
91
-6.5
115 en
115
0
39 88 en
24
8
0 159 en
159
-0.0833333
46 en
143
-4.75
en
45
1.16667
20 55 75 114 en
114
-2.66667
en
54
6.75
55 en
55
-5.66667
46 78 en
78
-3.33333
0 en
22
0.5
3 44 en
49
1.58333
75 45 132 139 en
139
5
93 en
132
1.08333
127 en
93
1
29 36 147 en
147
-1.25
120 en
44
1.33333
32 51 80 en
51
-4.25
72 21 en
72
-1.33333
70 en
90
1.75
140 en
140
-0.5
62 en
37
-7.5
en
86
-11.9167
95 en
95
-2.33333
23 en
63
-11.5
100 en
100
1.33333
29 en
42
0.5
en
59
1.66667
128 en
111
-2.5
116 155 162 en
162
5
120 en
120
0.25
103 137 en
137
0.75
86 en
118
-2.75
en
116
-15
20 en
21
6
23 60 73 133 en
133
1.91667
25 en
73
-6
44 72 45 en
60
2.83333
42 75 149 143 en
149
-7.66667
87 en
25
-1.66667
22 28 30 151 en
151
-2.83333
20 en
30
2.75
24 en
39
1
69 66 93 117 114 en
96
-5.5
en
69
-6.58333
en
64
-14.75
67 82 en
67
-6.58333
en
106
-3.83333
27 en
97
-10.8333
56 en
129
2.83333
en
71
-9.91667
131 133 25 163 en
163
4
46 en
131
8
96 en
26
-5
65 en
65
0.0833333
70 46 63 en
148
3
127 153 en
153
9
64 en
70
-9.75
50 102 29 en
102
-2.66667
63 en
23
1
34 0 127 en
127
1.33333
3 en
87
7
en
36
0
86 99 en
99
0
98 en
34
-2.83333
28 36 62 en
20
-10.5
78 en
109
7
97 en
EHL
4
0
3 21 128 en
5
0
1 2 108 en
6
0
1 40 65 135 en
7
0
1 23 33 76 82 en
8
0
22 79 en
9
0
2 24 en
10
0
0 2 3 en
11
0
1 24 32 45 en
12
0
2 51 en
13
0
2 20 38 42 101 37 142 en
14
0
1 161 en
15
0
2 3 35 68 92 94 en
16
0
24 33 en
17
0
21 88 90 en
18
0
21 32 43 25 54 en
19
0
3 en
EIL
0
0
en
1
0
en
2
0
en
3
0
en
EOL
161
-9
56 en
158
-0.333333
26 en
142
-14.1667
en
135
-1.33333
en
146
-2.33333
en
128
-9.16667
111 21 en
144
0.5
en
108
1.5
25 en
94
-6
136 en
136
-3.5
107 en
112
8
en
92
-4.33333
50 70 en
88
0
41 155 en
155
9
56 109 en
82
-0.666667
70 en
76
-1
en
75
-0.25
125 154 en
154
-0.5
72 en
125
-14
32 131 en
68
3
62 102 en
43
4.66667
1 20 98 110 107 en
110
-0.333333
49 en
98
-9.16667
66 en
121
7
130 en
160
7
en
130
-10.6667
24 en
48
3.91667
52 43 en
141
-1
en
56
-4.5
35 86 54 en
126
-2.83333
66 en
52
-0.0833333
78 en
46
8.5
71 76 135 en
66
-6
61 24 104 en
104
-11.5
en
61
-3.66667
47 40 60 23 en
41
-3
37 57 90 27 en
57
-4
49 65 en
40
-5.5
28 34 41 83 84 en
83
4
21 80 en
77
9
138 en
138
4
38 en
38
4.91667
113 138 en
113
8.5
29 40 111 152 en
152
0.0833333
20 en
35
-2
24 20 80 en
33
-1
30 101 122 en
122
-1.33333
57 123 en
123
-1.83333
63 108 en
124
-1.41667
en
101
-9
98 69 en
32
-4.16667
en
84
-1.66667
94 25 en
29
2.5
en
119
8.58333
104 en
28
1.33333
58 78 108 en
58
-2.66667
54 en
156
-1.33333
en
80
-5.66667
en
89
-4.66667
en
27
1.66667
50 en
50
0.5
53 64 en
53
-0.833333
79 en
81
-3
en
103
1.66667
en
105
-21.0833
145 en
145
0.333333
74 101 en
107
-1.83333
72 en
79
-11.25
25 85 134 115 en
134
-3.66667
en
85
-2.66667
47 150 en
150
6.66667
66 en
47
-5
45 24 62 50 en
62
-3
112 157 en
157
0.666667
56 150 en
31
-0.75
117 en
117
-3.5
74 en
74
4
64 en
91
0
115 en
115
-1.66667
39 88 en
24
7
0 159 en
159
-1.75
46 en
164
-10
en
143
-5.75
en
45
4.91667
20 55 75 114 en
114
-2.66667
en
54
3
55 en
55
5
46 78 en
78
-3
0 en
22
2
3 44 en
49
-1.58333
75 45 132 139 en
139
-1.66667
93 en
132
-2.91667
127 en
93
1
29 36 147 en
147
-1.25
120 en
44
4.66667
32 51 80 en
51
-4.25
72 21 en
72
-1.33333
70 en
90
4.91667
140 en
140
-0.5
62 en
37
-7.5
en
86
-11.9167
95 en
95
-0.5
23 en
63
-11.5
100 en
100
-4
29 en
42
-0.666667
en
59
1.66667
128 en
111
2
116 155 162 en
162
4
120 en
120
-0.25
103 137 en
137
3.75
86 en
118
8
en
116
-12
20 en
21
1.66667
23 60 73 133 en
133
3.91667
25 en
73
-4
44 72 45 en
60
-1.33333
42 75 149 143 en
149
-5.66667
87 en
25
-5
22 28 30 151 en
151
-0.833333
20 en
30
2.75
24 en
39
-2.08333
69 66 93 117 114 en
96
-3.5
en
69
-6.41667
en
64
-12.75
67 82 en
67
-5.58333
en
106
-3.33333
27 en
97
-5.83333
56 en
129
-2.66667
en
71
-2.33333
131 133 25 163 en
163
4
46 en
131
8.5
96 en
26
-5
65 en
65
12
70 46 63 en
148
2.33333
127 153 en
153
9
64 en
70
-10.9167
50 102 29 en
102
-4
63 en
23
0.5
34 0 127 en
127
1.33333
en
87
-5.16667
en
36
0
86 99 en
99
-0.333333
98 en
34
-5.25
28 36 62 en
20
-4.83333
78 en
109
8
97 en
EHL
4
0
3 21 128 en
5
0
1 2 108 en
6
0
1 40 65 135 en
7
0
1 23 33 76 82 en
8
0
22 79 en
9
0
2 24 en
10
0
0 2 3 en
11
0
1 24 32 45 en
12
0
2 51 en
13
0
2 20 38 42 101 37 142 en
14
0
1 161 en
15
0
2 3 35 68 92 94 en
16
0
24 33 en
17
0
21 88 90 en
18
0
21 32 43 25 54 en
19
0
3 en
EIL
0
0
en
1
0
en
2
0
en
3
0
en
EOL
161
-10
56 en
158
-1.33333
26 en
142
-14.1667
en
135
-5.33333
en
146
-0.833333
en
128
-9.16667
111 21 en
144
-3.5
en
108
-0.5
25 en
94
-7
136 en
136
-3.5
107 en
112
7.58333
en
92
-4.33333
50 70 en
88
0
41 155 en
155
8
56 109 en
82
-0.666667
70 en
76
-2
en
75
0
125 154 en
154
0.25
72 en
125
-14.75
32 131 en
68
3
62 102 en
43
6.16667
1 20 98 110 107 en
110
-0.333333
49 en
98
-2.5
66 en
121
-0.333333
130 en
160
-6
en
130
-11.1667
24 en
48
8.25
52 43 en
141
1
en
56
-4.5
35 86 54 en
126
5
66 en
52
1.5
78 en
46
9
71 76 135 en
66
-6
61 24 104 en
104
-12.5
en
61
-3.66667
47 40 60 23 en
41
-0.5
37 57 90 27 en
57
-4
49 65 en
40
-6.33333
28 34 41 83 84 en
83
2
21 80 en
77
9
138 en
138
4
38 en
38
2.91667
113 138 en
113
8.5
29 40 111 152 en
152
7
20 en
35
-2.33333
24 20 80 en
33
-2
30 101 122 en
122
-0.333333
57 123 en
123
-0.833333
63 108 en
124
-1.41667
en
101
-4
98 69 en
32
1.66667
en
84
-1
94 25 en
29
2.5
en
119
8.58333
104 en
28
1.33333
58 78 108 en
58
-1
54 en
156
-6
en
80
-2.66667
en
89
-5.5
en
27
1.66667
50 en
50
6
53 64 en
53
-0.833333
79 en
81
-3
en
103
0.333333
en
105
-20.3333
145 en
145
-2.41667
74 101 en
107
-0.333333
72 en
79
-11.9167
25 85 134 115 en
134
1.66667
en
85
-0.0833333
47 150 en
150
-8.5
66 en
47
-5
45 24 62 50 en
62
-3
112 157 en
157
8.33333
56 150 en
31
-3.25
117 en
117
-5.33333
74 en
74
3.25
64 en
91
1.08333
115 en
115
-1.66667
39 88 en
24
6
0 159 en
159
-0.0833333
46 en
143
-5.75
en
45
4.91667
20 55 75 114 en
114
-5.16667
en
54
3
55 en
55
4.33333
46 78 en
78
-3
0 en
22
0.5
3 44 en
49
-2.08333
75 45 132 139 en
139
-1.66667
93 en
132
-2.41667
127 en
93
1
29 36 147 en
147
-0.5
120 en
44
5
32 51 80 en
51
-6
72 21 en
72
-1.33333
70 en
90
5.41667
140 en
140
-1.75
62 en
37
-6.16667
en
86
-12.9167
95 en
95
-2.5
23 en
63
-10
100 en
100
-4
29 en
42
-2.66667
en
59
1.66667
128 en
111
1
116 155 162 en
162
4
120 en
120
2.75
103 137 en
137
3.75
86 en
118
10
en
116
-12
20 en
21
1.66667
23 60 73 133 en
133
3.91667
25 en
73
-6
44 72 45 en
60
-4.5
42 75 149 143 en
149
-5.66667
87 en
25
-9
22 28 30 151 en
151
-3.08333
20 en
30
-1
24 en
39
-2.08333
69 66 93 117 114 en
96
-4.5
en
69
-6.41667
en
64
4.5
67 82 en
67
-5.58333
en
106
-3.33333
27 en
97
-6.33333
56 en
129
-5
en
71
-0.666667
131 133 25 163 en
163
4
46 en
131
5.75
96 en
26
-5
65 en
65
12
70 46 63 en
148
4.33333
127 153 en
153
8
64 en
70
-10.25
50 102 29 en
102
-4
63 en
23
4.5
34 0 127 en
127
1.33333
3 en
87
5
en
36
0
86 99 en
99
3.66667
98 en
34
-7
28 36 62 en
20
3
78 en
109
8
97 63 en
EHL
4
0
3 21 128 en
5
0
1 2 108 en
6
0
1 40 65 135 en
7
0
1 23 33 76 82 en
8
0
22 79 en
9
0
2 24 en
10
0
0 2 3 en
11
0
1 24 32 45 en
12
0
2 51 en
13
0
2 20 38 42 101 37 142 en
14
0
1 161 en
15
0
2 3 35 68 92 94 en
16
0
24 33 en
17
0
21 88 90 en
18
0
21 32 43 25 54 en
19
0
3 en
EIL
0
0
en
1
0
en
2
0
en
3
0
en
EOL
161
-10
56 en
158
-1.33333
26 en
142
-14.1667
en
135
-1.33333
en
146
-0.833333
en
128
-9.16667
111 21 en
144
0.5
en
108
-0.5
25 en
94
-6
136 en
136
-3.5
107 en
112
6.25
en
92
-4.33333
50 70 en
88
0
41 155 en
155
8
56 109 en
82
-0.666667
70 en
76
-1
en
75
0
125 154 en
154
0.5
72 en
125
-14.75
32 131 en
68
3
62 102 en
43
6.16667
1 20 98 110 107 en
110
-0.333333
49 en
98
-2.5
66 en
121
-0.333333
130 en
160
-6
en
130
-10.6667
24 en
48
3.91667
52 43 en
141
1
en
56
-4.5
35 86 54 en
126
-5.83333
66 en
52
1.5
78 en
46
7
71 76 135 en
66
-6
61 24 104 en
104
-11.5
en
61
-3.66667
47 40 60 23 en
41
-0.5
37 57 90 27 en
57
-4
49 65 en
40
-6.33333
28 34 41 83 84 en
83
2
21 80 en
77
9
138 en
138
4
38 en
38
3.66667
113 138 en
113
8.5
29 40 111 152 en
152
-1.91667
20 en
35
-2.33333
24 20 80 en
33
-0.25
30 101 122 en
122
-0.333333
57 123 en
123
-0.833333
63 108 en
124
-1.41667
en
101
-3
98 69 en
32
-4.16667
en
84
-1
94 25 en
29
2.5
en
119
8.58333
104 en
28
1.33333
58 78 108 en
58
-2.66667
54 en
156
0.333333
en
80
-2.66667
en
89
-4
en
27
1.66667
50 en
50
-2.66667
53 64 en
53
-0.833333
79 en
81
-3
en
103
0.333333
en
105
-20.3333
145 en
145
-1.66667
74 101 en
107
-1.83333
72 en
79
-11.25
25 85 134 115 en
134
-3.66667
en
85
-0.0833333
47 150 en
150
-9
66 en
47
-5
45 24 62 50 en
62
-3
112 157 en
157
9
56 150 en
31
-3.25
117 en
117
-3.5
74 en
74
4
64 en
91
1.33333
115 en
115
-1.66667
39 88 en
24
6
0 159 en
159
-0.0833333
46 en
143
-5.75
en
45
4.91667
20 55 75 114 en
114
-2.66667
en
54
3
55 en
55
4
46 78 en
78
-3
0 en
22
0.5
3 44 en
49
-1.58333
75 45 132 139 en
139
-1.66667
93 en
132
-2.41667
127 en
93
1
29 36 147 en
147
-2.5
120 en
44
5
32 51 80 en
51
-4.25
72 21 en
72
-1.33333
70 en
90
5.41667
140 en
140
-1.75
62 en
37
-6.16667
en
86
-12.9167
95 en
95
-2.5
23 en
63
-10
100 en
100
-4
29 en
42
-0.666667
en
59
1.66667
128 en
111
1
116 155 162 en
162
4
120 en
120
-0.25
103 137 en
137
3.75
86 en
118
8
en
116
-12
20 en
21
1.66667
23 60 73 133 en
133
3.91667
25 en
73
-6
44 72 45 en
60
2
42 75 149 143 en
149
-5.66667
87 en
25
-9
22 28 30 151 en
151
-2.83333
20 en
30
2.75
24 en
39
-2.08333
69 66 93 117 114 en
96
-3.5
en
69
-6.41667
en
64
-15.25
67 82 en
67
-5.58333
en
106
-3.33333
27 en
97
-6.33333
56 en
129
-2.66667
en
71
-0.666667
131 133 25 163 en
163
4
46 en
131
5.75
96 en
26
-5
65 en
65
12
70 46 63 en
148
2.33333
127 153 en
153
9
64 en
70
-10.9167
50 102 29 en
102
-4
63 en
23
4.5
34 0 127 en
127
1.33333
3 en
87
-3.5
en
36
0
86 99 en
99
3.66667
98 en
34
-3
28 36 62 en
20
3
78 en
109
8
97 en
EHL
4
0
3 21 128 en
5
0
1 2 108 en
6
0
1 40 65 135 en
7
0
1 23 33 76 82 en
8
0
22 79 en
9
0
2 24 en
10
0
0 2 3 en
11
0
1 24 32 45 en
12
0
2 51 en
13
0
2 20 38 42 101 37 142 en
14
0
1 161 en
15
0
2 3 35 68 92 94 en
16
0
24 33 en
17
0
21 88 90 en
18
0
21 32 43 25 54 en
19
0
3 en
EIL
0
0
en
1
0
en
2
0
en
3
0
en
EOL
161
-1.5
56 en
158
-2.83333
26 en
142
-18.1667
en
135
0.333333
en
146
1
en
128
-13.4167
111 21 en
144
0.666667
43 en
108
-3
25 en
94
-2.33333
136 en
136
-2
107 en
112
-1
94 en
92
4
50 70 en
88
0
41 155 en
155
9
56 109 en
82
-0.666667
70 en
76
0
en
75
1
125 154 en
154
2
72 en
125
-2.5
32 131 en
68
4
62 102 en
43
7.41667
1 20 98 110 107 en
110
-2.33333
49 en
98
-1.5
66 en
121
-1.91667
130 en
160
7
en
130
-11.6667
24 en
48
1.91667
52 43 en
141
3.58333
en
56
-4.5
35 86 54 en
126
-2.83333
66 en
52
-1
78 en
46
4
71 76 135 en
66
-5.5
61 24 104 en
104
-10.5
en
61
-2.33333
47 40 60 23 en
41
0.5
37 57 90 27 en
57
-4.16667
49 65 en
40
2.25
28 34 41 83 84 en
83
0.75
21 80 en
77
5
138 en
138
-1
38 en
38
2.41667
113 138 en
113
6.5
29 40 111 152 en
152
0.75
20 en
35
-3.33333
24 20 80 en
33
-0.333333
30 101 122 en
122
-0.333333
57 123 en
123
-2.33333
63 108 en
124
3.91667
en
101
-7.5
98 69 en
32
-4.16667
118 en
84
0
94 25 en
29
1.5
en
119
7.25
104 en
28
1.58333
58 78 108 en
58
-5.25
54 en
156
2.58333
en
80
3
en
89
-5
en
27
1.66667
50 en
50
2.5
53 64 en
53
-0.833333
79 en
81
2
en
103
-1
en
105
-20.6667
145 en
145
7
74 en
107
-0.333333
72 en
79
-10.75
25 85 134 115 en
134
-5
en
85
-4
47 150 en
150
3.5
66 en
47
-5.5
45 24 62 50 en
62
-3
112 157 en
157
-4.33333
56 150 en
31
-0.75
117 en
117
-3.33333
74 en
74
4
64 en
91
-6.5
115 en
115
0
39 88 en
24
8
0 159 en
159
-0.0833333
46 en
143
-4.75
en
45
1.16667
20 55 75 114 en
114
-2.66667
en
54
6.75
55 en
55
-5.66667
46 78 en
78
-3.33333
0 en
22
0.5
3 44 en
49
1.58333
75 45 132 139 en
139
5
93 en
132
1.08333
127 en
93
1
29 36 147 en
147
-1.25
120 en
44
1.33333
32 51 80 en
51
-4.25
72 21 en
72
-1.33333
70 en
90
1.75
140 en
140
-0.5
62 en
37
-7.5
en
86
-11.9167
95 en
95
-2.33333
23 en
63
-12
100 en
100
1.33333
29 en
42
0.5
en
59
1.66667
128 en
111
-2.5
116 155 162 en
162
5
120 en
120
0.25
103 137 en
137
0.75
86 en
118
-2.75
en
116
-15
20 en
21
6
23 60 73 133 en
133
1.91667
25 en
73
-6
44 72 45 en
60
2.83333
42 75 149 143 en
149
-7.66667
87 en
25
1.33333
22 28 30 151 en
151
-2.83333
20 en
30
2.75
24 en
39
1
69 66 93 117 114 en
96
-5.5
en
69
-6.58333
en
64
-14.75
67 82 en
67
-6.58333
en
106
-3.83333
27 en
97
-10.8333
56 en
129
0.833333
en
71
-9.91667
131 133 25 163 en
163
4
46 en
131
8
96 en
26
-5
65 en
65
-0.916667
70 46 63 en
148
3
127 153 en
153
9
64 en
70
-9.75
50 102 29 en
102
-2.66667
63 en
23
1
34 0 127 en
127
1.33333
3 en
87
7
en
36
0
86 99 en
99
0
98 en
34
-2.83333
28 36 62 en
20
-6.5
78 en
109
7
97 en
EHL
4
0
3 21 128 en
5
0
1 2 108 en
6
0
1 40 65 135 en
7
0
1 23 33 76 82 en
8
0
22 79 en
9
0
2 24 en
10
0
0 2 3 en
11
0
1 24 32 45 en
12
0
2 51 en
13
0
2 20 38 42 101 37 142 en
14
0
1 161 en
15
0
2 3 35 68 92 94 en
16
0
24 33 en
17
0
21 88 90 en
18
0
21 32 43 25 54 en
19
0
3 en
EIL
0
0
en
1
0
en
2
0
en
3
0
en
EOL
161
-10
56 en
158
-1.33333
26 en
142
-14.1667
en
135
-1.33333
en
146
-2.33333
en
128
-9.16667
111 21 en
144
0.5
en
108
1.5
25 en
94
-6
136 en
136
-3.5
107 en
112
8
en
92
-4.33333
50 70 en
88
0
41 155 en
155
8
56 109 en
82
-0.666667
70 en
76
-1
en
75
0
125 154 en
154
-0.5
72 en
125
-14
32 131 en
68
3
62 102 en
43
4.66667
1 20 98 110 107 en
110
-0.333333
49 en
98
-9.16667
66 en
121
-0.333333
130 en
160
7
en
130
-10.6667
24 en
48
3.91667
52 43 en
141
1
en
56
-4.5
35 86 54 en
126
-2.83333
66 en
52
-0.0833333
78 en
46
7
71 76 135 en
66
-6
61 24 104 en
104
-11.5
en
61
-3.66667
47 40 60 23 en
41
-3
37 57 90 27 en
57
-4
49 65 en
40
-6
28 34 41 83 84 en
83
3
21 80 en
77
9
138 en
138
4
38 en
38
4.91667
113 138 en
113
8.5
29 40 111 152 en
152
0.0833333
20 en
35
-3
24 20 80 en
33
-0.25
30 101 122 en
122
-1.33333
57 123 en
123
-2.83333
63 108 en
124
-1.41667
en
101
-9
98 69 en
32
-4.16667
en
84
-1
94 25 en
29
2.5
en
119
8.58333
104 en
28
1.33333
58 78 108 en
58
-2.66667
54 en
156
-1.33333
en
80
-5.16667
en
89
-4
en
27
1.66667
50 en
50
3.5
53 64 en
53
-0.833333
79 en
81
-3
en
103
0.333333
en
105
-19.0833
145 en
145
0.333333
74 101 en
107
-1.83333
72 en
79
-11.25
25 85 134 115 en
134
-3.66667
en
85
-2.66667
47 150 en
150
6.66667
66 en
47
-5
45 24 62 50 en
62
-3
112 157 en
157
0.666667
56 150 en
31
-0.75
117 en
117
-3.5
74 en
74
4
64 en
91
0
115 en
115
-1.66667
39 88 en
24
6
0 159 en
159
-0.0833333
46 en
164
-10
en
143
-5.75
en
45
4.91667
20 55 75 114 en
114
-2.66667
en
54
3
55 en
55
3.5
46 78 en
78
-3
0 en
22
0.5
3 44 en
49
-1.58333
75 45 132 139 en
139
-1.66667
93 en
132
-2.91667
127 en
93
1
29 36 147 en
147
-1.25
120 en
44
4.66667
32 51 80 en
51
-4.25
72 21 en
72
-1.33333
70 en
90
4.91667
140 en
140
-1
62 en
37
-7.5
en
86
-11.9167
95 en
95
-0.5
23 en
63
-10
100 en
100
-4
29 en
42
-0.666667
en
59
1.66667
128 en
111
1
116 155 162 en
162
4
120 en
120
-0.25
103 137 en
137
3.75
86 en
118
8
en
116
-12
20 en
21
1.66667
23 60 73 133 en
133
3.91667
25 en
73
-6
44 72 45 en
60
-1.33333
42 75 149 143 en
149
-5.66667
87 en
25
-5
22 28 30 151 en
151
-2.83333
20 en
30
2.75
24 en
39
-2.08333
69 66 93 117 114 en
96
-3.5
en
69
-6.41667
en
64
-12.75
67 82 en
67
-5.58333
en
106
-3.33333
27 en
97
-5.83333
56 en
129
-2.66667
en
71
-0.666667
131 133 25 163 en
163
4
46 en
131
8.5
96 en
26
-5
65 en
65
12
70 46 63 en
148
2.33333
127 153 en
153
9
64 en
70
-10.9167
50 102 29 en
102
-4
63 en
23
4.5
34 0 127 en
127
1.33333
3 en
87
-5.16667
en
36
0
86 99 en
99
-0.333333
98 en
34
-4.25
28 36 62 en
20
-4.83333
78 en
109
8
97 en
EHL
4
0
3 21 128 en
5
0
1 2 108 en
6
0
1 40 65 135 en
7
0
1 23 33 76 82 en
8
0
22 79 en
9
0
2 24 en
10
0
0 2 3 en
11
0
1 24 32 45 en
12
0
2 51 en
13
0
2 20 38 42 101 37 142 en
14
0
1 161 en
15
0
2 3 35 68 92 94 en
16
0
24 33 en
17
0
21 88 90 en
18
0
21 32 43 25 54 en
19
0
3 en
EIL
0
0
en
1
0
en
2
0
en
3
0
en
EOL
161
-10
56 en
158
-1.33333
26 en
142
-14.1667
en
135
-5.33333
en
146
-0.833333
en
128
-9.16667
111 21 en
144
-3.5
en
108
-0.5
25 en
94
-6
136 en
136
-3.5
107 en
112
6.25
en
92
-4.33333
50 70 en
88
0
41 155 en
155
8
56 109 en
82
-0.666667
70 en
76
-1
en
75
0
125 154 en
154
0.25
72 en
125
-14.75
32 131 en
68
3
62 102 en
43
6.16667
1 20 98 110 107 en
110
-0.333333
49 en
98
-2.5
66 en
121
-0.333333
130 en
160
-6
en
130
-11.1667
24 en
48
3.91667
52 43 en
141
1
en
56
-4.5
35 86 54 en
126
5
66 en
52
1.5
78 en
46
9
71 76 135 en
66
-6
61 24 104 en
104
-12.5
en
61
-3.66667
47 40 60 23 en
41
-0.5
37 57 90 27 en
57
-4
49 65 en
40
-6.33333
28 34 41 83 84 en
83
2
21 80 en
77
9
138 en
138
4
38 en
38
2.91667
113 138 en
113
8.5
29 40 111 152 en
152
-1.91667
20 en
35
-2.33333
24 20 80 en
33
-2
30 101 122 en
122
-0.333333
57 123 en
123
-0.833333
63 108 en
124
-1.41667
en
101
-3
98 69 en
32
1.66667
en
84
-1
94 25 en
29
2.5
en
119
8.58333
104 en
28
1.33333
58 78 108 en
58
-5
54 en
156
-6
en
80
-2.66667
en
89
-5.5
en
27
1.66667
50 en
50
6
53 64 en
53
-0.833333
79 en
81
-3
en
103
0.333333
en
105
-20.3333
145 en
145
-1.66667
74 101 en
107
-0.333333
72 en
79
-11.25
25 85 134 115 en
134
1.66667
en
85
-0.0833333
47 150 en
150
-9
66 en
47
-5
45 24 62 50 en
62
-3
112 157 en
157
9
56 150 en
31
-3.25
117 en
117
-3.83333
74 en
74
4
64 en
91
1.08333
115 en
115
-1.66667
39 88 en
24
6
0 159 en
159
-0.0833333
46 en
143
-5.75
en
45
4.91667
20 55 75 114 en
114
-5.16667
en
54
3
55 en
55
5
46 78 en
78
-3
0 en
22
0.5
3 44 en
49
-1.58333
75 45 132 139 en
139
-1.66667
93 en
132
-2.41667
127 en
93
1
29 36 147 en
147
-2.5
120 en
44
5
32 51 80 en
51
-6
72 21 en
72
-1.33333
70 en
90
5.41667
140 en
140
-1.75
62 en
37
-6.16667
en
86
-12.9167
95 en
95
-2.5
23 en
63
-10
100 en
100
-4
29 en
42
-0.666667
en
59
1.66667
128 en
111
1
116 155 162 en
162
4
120 en
120
2.75
103 137 en
137
3.75
86 en
118
10
en
116
-12
20 en
21
1.66667
23 60 73 133 en
133
3.91667
25 en
73
-6
44 72 45 en
60
-4.5
42 75 149 143 en
149
-5.66667
87 en
25
-9
22 28 30 151 en
151
-3.08333
20 en
30
2.75
24 en
39
-2.08333
69 66 93 117 114 en
96
-3.5
en
69
-6.41667
en
64
4.5
67 82 en
67
-5.58333
en
106
-3.33333
27 en
97
-6.33333
56 en
129
-3.33333
en
71
-0.666667
131 133 25 163 en
163
4
46 en
131
5.75
96 en
26
-5
65 en
65
12
70 46 63 en
148
4.33333
127 153 en
153
8
64 en
70
-10.25
50 102 29 en
102
-4
63 en
23
4.5
34 0 127 en
127
1.33333
3 en
87
5
en
36
0
86 99 en
99
3.66667
98 en
34
-7
28 36 62 en
20
3
78 en
109
8
97 63 en
EHL
4
0
3 21 128 en
5
0
1 2 108 en
6
0
1 40 65 135 en
7
0
1 23 33 76 82 en
8
0
22 79 en
9
0
2 24 en
10
0
0 2 3 en
11
0
1 24 32 45 en
12
0
2 51 en
13
0
2 20 38 42 101 37 142 en
14
0
1 161 en
15
0
2 3 35 68 92 94 en
16
0
24 33 en
17
0
21 88 90 en
18
0
21 32 43 25 54 en
19
0
3 en
EIL

END
