0
0
en
1
0
en
2
0
en
3
0
en
EOL
624
-3
189 en
602
-5.5
469 en
582
0.5
572 en
510
4.25
198 en
471
4
372 en
460
2.33333
343 en
384
-7.08333
en
368
-1
152 en
363
7
239 en
339
1
152 417 en
328
-9.66667
271 529 580 en
580
-2.5
445 en
529
9.58333
619 en
619
2
338 en
248
-9.41667
en
617
-4.91667
en
609
1.66667
0 en
240
3.66667
108 271 363 564 534 en
564
4.08333
154 en
271
-2
199 63 454 en
217
2.66667
140 280 en
263
5.41667
124 279 en
215
0.5
en
410
-3.5
en
541
0.666667
en
418
2
101 en
214
-6.66667
163 en
301
-6.33333
616 en
616
-4.33333
103 en
212
-4.5
51 60 en
204
2.91667
400 en
400
-2
64 en
190
0.916667
186 257 en
257
1.66667
364 en
530
0.166667
en
574
2
en
364
-2
371 40 en
371
-10
114 618 en
618
7
339 en
189
-2.5
32 331 en
331
-3.33333
117 563 en
563
-3.25
200 en
186
1.25
466 187 en
466
-3.83333
79 en
182
-0.666667
243 244 198 en
244
-8
98 344 238 598 en
598
2
153 en
344
-1.33333
298 en
243
-0.75
31 0 294 432 en
432
-15.5
465 489 en
489
2.5
290 en
465
-3.66667
en
504
0.583333
517 en
517
-1.16667
en
161
5
175 216 59 en
216
0.166667
36 147 222 en
175
0
422 en
484
-6.5
464 en
464
-12.5833
279 en
158
-8.75
en
303
-13.9167
en
228
-0.666667
342 en
342
-4.83333
352 en
352
-1.33333
257 114 428 en
428
-14
213 en
196
2.83333
256 187 345 en
348
-0.5
180 360 60 en
360
-1.58333
55 en
171
-3
472 en
472
-4.66667
366 592 en
592
-3.41667
26 en
608
2
611 en
611
-8.5
350 626 en
626
3.5
525 en
142
0.333333
en
267
2
481 en
481
-7
154 en
353
0
171 en
135
-3.83333
278 en
278
5.41667
169 170 55 en
146
-2.33333
en
219
-0.5
63 483 en
483
-0.666667
37 369 534 en
128
-3.08333
111 21 30 415 en
415
3.5
181 171 358 en
499
4.33333
en
144
-10
142 229 286 en
583
6
en
286
3.5
398 en
398
4.83333
158 463 en
463
1.33333
244 548 en
548
10.5
385 100 en
192
-0.666667
292 en
294
-4
182 269 en
108
-5.33333
25 95 186 260 453 en
453
-0.666667
509 294 en
509
1
300 en
94
7
169 65 en
169
-6
en
136
1
315 451 en
451
0
41 en
315
-6
234 43 390 en
288
3
249 200 en
495
1.5
en
309
-6.25
en
536
8.25
en
234
-12.1667
341 en
345
-9
107 294 137 en
112
-3.16667
en
285
0.166667
en
92
0.166667
50 249 287 390 en
390
0
70 440 en
401
-12.8333
en
88
2
41 155 29 148 385 en
385
-1
345 227 en
155
2
56 109 en
82
-0.166667
70 546 en
546
-2.5
435 en
76
-4.66667
295 en
291
-4.5
153 en
409
-0.25
en
537
0.833333
577 en
577
-1
46 en
75
-2.25
125 274 24 53 138 en
274
-0.5
154 414 en
414
-1
282 en
424
-4.83333
557 en
445
-12.1667
360 en
154
7
72 229 187 514 204 en
514
1.83333
421 543 432 en
543
-7
195 en
229
6.75
226 en
125
1.66667
131 290 312 480 70 en
480
5.25
278 en
312
-3.33333
77 en
542
-10
en
552
-1.91667
en
290
-1.91667
32 343 en
470
-7.25
en
68
2.33333
62 102 302 338 en
512
3.58333
en
338
-0.25
en
461
0.166667
102 146 en
43
5.33333
1 20 98 110 107 87 en
110
-14.9167
49 467 506 en
506
-11.8333
318 en
467
6
94 en
98
1.08333
166 20 301 55 en
166
3.66667
66 44 33 278 en
357
2.41667
249 en
121
2.66667
130 214 en
434
-8.5
en
507
1
en
160
-4.5
en
130
-10.6667
177 195 141 452 en
452
4.5
24 436 en
177
5
127 218 en
218
-6.66667
276 375 en
375
-0.166667
178 44 en
281
-1.66667
en
276
1
167 209 346 526 en
526
-14.5
260 en
346
2
238 en
343
-6
406 79 en
406
-7
133 315 430 en
362
1.66667
en
48
-0.833333
en
319
5.5
513 492 25 en
513
-12.1667
371 en
178
6.66667
52 160 171 369 en
141
1.66667
223 122 572 en
193
-3.16667
252 en
275
-9.25
303 234 en
56
-8
35 86 273 en
273
7
237 454 en
126
-0.333333
66 160 85 254 en
52
3.16667
78 394 500 en
394
-4.83333
106 58 en
46
0.5
71 76 236 239 426 en
426
-4.83333
241 en
66
-6
61 24 104 172 en
104
-4.16667
0 en
61
2.41667
47 40 60 en
41
4
37 57 90 27 en
57
-6.5
en
40
-10.9167
34 41 84 183 73 en
183
-11.0833
en
601
4.75
en
340
-1.33333
28 59 en
202
3.75
329 en
329
-10
60 478 en
478
-2.75
273 en
83
-15
21 122 378 167 en
613
-11.5
en
378
0.583333
147 379 69 en
379
0.333333
en
77
-3.5
138 en
138
-5.58333
en
38
6.16667
113 138 78 249 en
249
-5
en
287
4.5
en
422
-1
80 en
187
3
372 en
372
3.41667
95 149 en
113
-4.5
29 111 152 191 227 213 404 433 448 en
448
-2.25
224 en
433
-3.25
40 320 en
404
-12.9167
255 537 en
227
-4.66667
233 en
224
-11.25
174 236 en
622
-8.41667
en
191
-5
159 35 302 266 474 144 en
474
-5.5
421 en
302
-0.666667
50 288 en
152
0.416667
en
584
-2.5
en
35
-8.5
20 80 44 351 459 en
459
-4
24 en
351
4
128 66 167 en
33
-0.833333
101 122 67 197 104 231 339 en
197
1
30 334 en
334
-7.83333
72 en
122
-11.25
57 123 194 en
194
-2.5
en
123
-5.33333
63 108 318 en
429
6.75
85 en
124
-4.5
254 458 en
458
-0.833333
317 en
209
-6
108 240 en
101
-0.333333
98 69 175 498 en
498
0
594 en
594
1.5
247 en
32
-1.66667
111 en
84
4
25 477 en
477
-6.5
192 544 en
544
0
34 en
29
1
417 554 en
554
-7
416 en
417
-4
251 en
119
-6.5
104 178 241 en
28
-2.5
58 108 231 299 532 en
532
7.5
182 en
299
-4.58333
81 399 en
399
-2.66667
30 199 en
231
-2
78 411 533 en
533
-5
259 0 en
411
3
162 en
313
-6.25
181 en
58
3.5
54 96 291 en
156
2
49 293 en
293
3
106 443 en
443
-5
433 en
491
5.5
189 en
80
10.1667
en
89
-4.75
341 430 en
430
-4
45 494 en
494
-2.75
346 en
341
-1.83333
391 92 en
391
-3.91667
172 599 en
599
0.833333
140 en
27
-7
en
462
-0.25
en
519
-0.583333
en
50
6
53 64 581 en
581
-7
339 en
468
-4.83333
586 en
586
-7.5
490 en
53
-4.33333
79 549 en
549
6.83333
339 en
425
10.3333
472 551 en
551
5
165 en
81
2.83333
107 83 565 en
565
-6
516 en
103
-8
165 76 199 en
165
-3.83333
107 101 149 330 542 en
330
2
350 126 en
350
-3
142 en
395
-1.33333
516 en
105
-4.5
258 590 en
590
-3.25
145 en
258
-4.66667
123 553 en
553
-3.58333
347 en
145
2.5
74 101 41 187 253 en
253
1.16667
70 257 en
107
-4.5
72 20 en
172
3.66667
488 en
488
4
379 410 en
79
-2
25 134 115 en
134
-5
en
325
-2.91667
313 en
85
-3.25
150 207 370 568 en
568
0.5
437 en
370
-1.66667
125 485 en
207
0.333333
92 245 en
245
-0.583333
336 142 593 en
593
-5.16667
385 314 en
336
-5
47 373 en
373
2.66667
95 en
230
1.66667
75 en
321
1
en
205
5.66667
en
300
1.75
en
518
-5
en
419
0.333333
en
497
-3.5
en
485
-5.25
en
355
-4.33333
en
150
6
66 51 en
256
0
242 457 en
457
2.25
121 280 479 585 en
585
-5.5
365 en
47
-4
45 24 62 365 en
365
-6.66667
174 en
180
-2.5
en
297
-13.5833
349 en
349
3.25
280 623 en
623
-1.5
421 en
62
7
112 226 38 550 en
550
-1.33333
349 en
226
-2
184 21 125 294 490 en
490
-9.25
383 560 en
560
2.66667
469 en
184
-2
157 en
157
-2
56 150 210 en
31
-9
196 en
167
-9.08333
25 en
117
2
259 251 en
259
6.5
92 en
74
-4.83333
64 168 61 566 en
566
-0.666667
en
168
5.58333
150 269 en
173
6.83333
en
91
3
115 183 236 359 en
528
-15.8333
en
540
4
en
236
1.5
21 117 en
185
4
177 201 228 535 en
535
0.25
336 606 en
606
1
60 en
333
-1
en
500
2.16667
en
238
-11
76 50 341 en
115
6.33333
39 88 33 46 479 548 en
479
-6.16667
122 en
24
-1.66667
159 296 en
296
3
0 325 en
159
-6.5
191 38 en
247
-0.833333
173 388 en
441
-6.66667
610 en
610
7
268 en
388
1.08333
200 en
143
1.91667
23 295 en
442
2
534 en
562
-8
en
45
-0.166667
20 55 222 en
222
-3
en
114
-2.5
233 en
237
2.41667
520 en
520
-0.833333
63 en
54
-4.16667
55 164 115 en
55
0
46 380 en
380
-5
78 576 en
576
-6
176 en
78
1.5
170 25 396 244 en
396
-12.0833
0 155 en
359
0.916667
en
170
-0.166667
260 450 218 en
450
-2.5
284 en
361
-1
140 en
284
3.5
103 en
260
6
147 279 382 en
382
5.58333
475 en
475
-0.833333
304 136 en
279
-2
521 en
521
-13.3333
264 en
264
3
en
22
0.25
3 62 393 473 46 en
473
2.58333
334 596 en
596
5.16667
315 en
423
7.33333
625 en
625
-16.5
587 en
587
-1.25
120 en
393
0.666667
en
174
0.333333
220 232 254 en
412
2.33333
350 en
277
7.25
en
254
-2.66667
49 208 en
232
-3.66667
29 en
304
-0.333333
561 en
561
-0.333333
174 en
251
-1.16667
381 en
392
-7.5
en
486
-1
en
381
-4.83333
en
308
-5.5
572 246 en
572
6
386 en
505
-0.5
en
571
-3.66667
259 en
220
-2.5
142 193 316 en
49
-2.83333
45 268 322 408 172 185 en
408
-3.25
306 79 315 en
322
-4
139 299 359 en
268
-4.5
299 en
139
-9.41667
93 164 en
164
1.75
115 436 567 223 en
567
-3.33333
511 en
511
-3
269 en
436
1
192 en
269
0.333333
153 291 en
389
-2.33333
579 en
579
-2.33333
373 en
132
-7.58333
127 235 46 282 en
282
-12.0833
259 248 en
235
-6
70 en
93
9.66667
29 36 219 en
147
-6.75
200 211 213 184 354 en
354
-3
120 431 en
431
8
348 en
435
-0.666667
162 257 en
211
-1
172 405 en
405
-14.6667
151 208 en
200
-5.66667
108 523 569 en
569
1.25
541 en
523
0
400 en
44
-4.5
32 51 80 241 28 en
241
-1.33333
57 421 en
421
-7.5
143 en
51
-4.58333
206 570 en
570
-2.5
72 en
206
-2.66667
130 en
72
-13.5
70 142 en
369
-2.75
en
516
4
en
179
-5.41667
171 97 en
90
6.25
140 en
140
5.33333
337 482 en
482
5.08333
171 en
337
1.83333
139 449 588 en
588
-3.5
152 en
449
0.25
320 406 en
37
2
80 194 290 en
195
4.5
171 en
289
1.5
189 en
208
-2.33333
en
469
1.58333
359 234 en
86
-5.08333
95 261 en
95
4.16667
23 63 en
63
6.33333
100 454 en
454
-4.83333
343 en
531
-3.58333
385 en
100
5
29 539 en
539
2
220 en
42
6.58333
71 33 en
508
-7
517 en
59
-8.25
128 444 605 en
605
-6.25
496 480 en
496
0.416667
198 en
444
-1.91667
318 48 254 en
111
-3.75
116 155 162 45 en
162
0.0833333
225 en
239
1.5
125 455 en
456
13
406 en
225
-6
620 en
620
0.416667
39 en
120
2.5
103 137 44 en
137
-0.833333
86 211 386 en
386
3.5
277 351 416 en
118
4.75
618 en
116
-2.5
172 614 en
614
2.5
20 en
534
5.25
en
21
-8.16667
23 60 73 133 127 en
133
4.16667
en
283
-2
25 397 en
397
-6.5
168 en
73
0
44 72 45 en
60
-4
42 75 143 247 286 240 299 207 73 489 en
149
-6.75
87 135 111 en
25
-2.75
22 30 151 176 273 193 en
176
1.5
158 en
151
-2.5
20 252 en
252
-8.58333
384 en
538
-3.83333
en
589
-4
en
30
1
35 358 292 512 en
487
3.33333
591 en
612
11.0833
en
591
1.66667
164 en
39
2.08333
69 66 93 114 152 250 270 320 301 en
320
2
64 466 en
356
1
200 en
547
-1.5
en
437
-2
225 en
270
12
84 197 502 en
502
4.83333
107 en
250
-0.25
117 53 en
96
-2
en
69
1.16667
29 en
64
-8.58333
67 en
201
1.25
255 en
515
6.16667
en
376
-4.58333
154 446 108 en
446
6.25
149 en
255
-2
85 351 256 427 en
427
6
341 111 en
261
0
83 318 168 en
67
-2.33333
en
262
-3.66667
en
524
4
en
374
2
196 en
106
8.16667
27 74 65 317 353 513 en
317
-2.08333
en
213
-9.41667
135 527 en
527
-13.4167
423 226 en
97
-0.333333
en
307
-16.75
68 56 en
556
-4.33333
578 en
578
-7.66667
193 en
129
7.5
120 311 en
311
-3.16667
78 318 en
298
1.33333
366 en
366
6.75
en
71
-3.5
131 133 181 37 416 55 555 en
555
-12.3333
25 106 en
416
4.83333
189 205 en
181
-8
60 en
163
2.33333
188 204 en
323
3.5
305 402 en
503
6.5
210 en
402
-2
147 34 501 en
501
1.5
en
305
-1
162 en
188
-3.25
en
131
0.583333
96 95 492 en
492
6
280 en
280
9.91667
468 en
26
-3.5
447 en
447
-2.33333
374 476 545 en
545
-7.66667
263 en
476
-3
en
316
1.58333
43 en
615
0.25
en
377
-6.41667
449 en
383
-0.916667
en
420
-10.8333
296 75 en
318
1.33333
en
199
-8
387 267 en
413
-9
38 en
387
-2.33333
337 en
332
3.33333
en
306
3
573 en
573
7.25
380 en
198
-9.66667
242 en
600
-3.75
en
438
4.83333
en
242
0
en
221
0.666667
126 246 493 130 en
493
-8.25
150 604 en
604
-2
279 en
246
-2.5
195 327 231 en
327
4.16667
525 en
525
3
85 en
65
-0.833333
70 46 82 202 325 522 en
522
-9.66667
496 en
148
7.75
127 153 607 en
607
1.5
52 en
153
2
557 en
557
-8.83333
243 en
292
-9.83333
en
203
-2.83333
621 en
621
7.41667
314 en
314
-11.6667
323 en
70
-5.66667
50 102 29 295 180 en
295
7.08333
91 324 en
324
4
en
102
2.66667
220 en
23
-1.58333
34 0 223 32 en
223
-4.33333
62 91 603 en
603
-3.66667
407 en
407
1.58333
112 en
266
-9
110 en
127
4.58333
3 367 en
367
-10.6667
319 28 en
272
0.5
127 326 en
326
-2.91667
252 395 en
210
-11.0833
129 en
233
2.33333
156 en
558
9
en
87
-2
en
265
2
en
455
2.5
255 en
347
3.58333
478 en
36
-5.41667
86 157 37 310 439 en
439
1.66667
595 en
595
0
335 en
335
-9.75
403 en
440
8
en
403
-2
33 en
358
4
280 385 en
310
-4.66667
99 en
597
-6
en
99
6.33333
92 en
34
0.333333
36 62 78 28 en
20
3.41667
339 476 en
109
-4.16667
97 63 559 575 271 285 en
575
-7.75
348 609 en
559
-0.75
en
EHL
4
0
3 21 128 240 460 613 en
5
0
1 2 108 449 en
6
0
1 40 65 135 217 178 261 en
7
0
1 23 33 76 82 214 339 en
8
0
22 190 278 en
9
0
2 24 471 en
10
0
2 3 248 112 328 135 291 411 582 en
11
0
1 24 45 54 510 624 en
12
0
2 212 en
13
0
2 20 38 42 101 37 142 215 en
14
0
1 161 55 27 322 en
15
0
2 3 35 68 92 94 103 256 202 en
16
0
24 602 en
17
0
88 90 170 368 499 en
18
0
21 32 25 54 en
19
0
3 112 en
EIL
0
0
en
1
0
en
2
0
en
3
0
en
EOL
624
-10
189 en
602
-2.5
469 en
582
1.25
572 en
510
7.25
198 en
471
-8.66667
372 en
460
-0.666667
343 en
384
-7.08333
en
368
-2.33333
152 en
363
-2.33333
239 en
339
1.33333
152 417 en
328
-9.66667
271 529 580 en
580
-2.5
445 en
529
3.25
619 en
619
-6.91667
338 en
248
-8.75
en
617
-5.66667
en
609
0.416667
0 en
240
2.66667
108 271 363 564 534 en
564
3.5
154 en
271
1
199 63 454 en
217
-9
140 280 en
263
4.41667
124 279 en
215
1
en
410
-4.83333
en
541
-1.33333
en
418
2
101 en
214
-6.66667
163 en
301
-6.33333
616 en
616
-2.5
103 en
212
-4.5
51 60 en
204
2.91667
400 en
400
-2
64 en
190
0.916667
186 257 en
257
1.66667
364 en
530
-0.833333
en
574
1
en
364
-2
371 40 en
371
-10
114 618 en
618
7
339 en
189
1.5
32 331 en
331
-3.33333
117 563 en
563
1.75
200 en
186
-0.25
466 187 en
466
-4.33333
79 en
182
0
243 244 198 en
244
-8
98 344 238 598 en
598
1
153 en
344
-1.33333
298 en
243
2.5
31 0 294 432 en
432
-15.5
465 489 en
489
2.5
290 en
465
-3.66667
en
504
0.583333
517 en
517
-1.66667
en
161
5
175 216 59 en
216
0.166667
36 147 222 en
175
0
422 en
484
-5
464 en
464
-11.25
279 en
158
-8.75
en
303
-8.91667
en
228
-0.666667
342 en
342
-4.83333
352 en
352
-1
257 114 428 en
428
-6
213 en
196
2.83333
256 187 345 en
348
4.08333
180 360 60 en
360
-1.58333
55 en
171
-4
472 en
472
-5.41667
366 592 en
592
-1.41667
26 en
608
2.66667
611 en
611
-8.5
350 626 en
626
-4.33333
525 en
142
0.333333
en
267
-3.33333
481 en
481
-0.666667
154 en
353
0
171 en
135
-3
278 en
278
5.41667
169 170 55 en
146
-2.33333
en
219
-2.5
63 483 en
483
-18.4167
37 369 534 en
128
-2.41667
111 21 30 415 en
415
2.5
181 171 358 en
499
4.33333
en
144
-4.5
142 229 286 en
583
1.58333
en
286
4.5
398 en
398
4.83333
158 463 en
463
5.33333
244 548 en
548
4.5
385 100 en
192
-0.666667
292 en
294
-17
182 269 en
108
-4.33333
25 95 186 260 453 en
453
-3.66667
509 294 en
509
1
300 en
94
-1.16667
169 65 en
169
-6
en
136
4.5
315 451 en
451
0
41 en
315
-6
234 43 390 en
288
5
249 200 en
495
-1
en
309
-6.25
en
536
7
en
234
-11.1667
341 en
345
-9.5
107 294 137 en
112
-3.16667
en
285
-0.833333
en
92
1.16667
50 249 287 390 en
390
-1.75
70 440 en
401
-14.5
en
88
2
41 155 29 148 385 en
385
-0.666667
345 227 en
155
2
56 109 en
82
-0.166667
70 546 en
546
-0.5
435 en
76
-5.66667
295 en
291
-4
153 en
409
-1.25
en
537
0.333333
577 en
577
-1.5
46 en
75
-3
125 274 24 53 138 en
274
-2.5
154 414 en
414
0
282 en
424
-5.5
557 en
445
-10.9167
360 en
154
8
72 229 187 514 204 en
514
3.08333
421 543 432 en
543
-2
195 en
229
6.75
226 en
125
1.66667
131 290 312 480 70 en
480
1.25
278 en
312
-2.33333
77 en
542
-11.25
en
552
-1.91667
en
290
-2.91667
32 343 en
470
-6.25
en
68
8
62 102 302 338 en
512
1.58333
en
338
0
en
461
-0.833333
102 146 en
43
5
1 20 98 110 107 87 en
110
-14.9167
49 467 506 en
506
-11.0833
318 en
467
2
94 en
98
1.08333
166 20 301 55 en
166
3.08333
66 44 33 278 en
357
2.41667
249 en
121
1.33333
130 214 en
434
-8.5
en
507
2
en
160
-2
en
130
-10.4167
177 195 141 452 en
452
4.5
24 436 en
177
3.5
127 218 en
218
-9.16667
276 375 en
375
-1.33333
178 44 en
281
-1.66667
en
276
6
167 209 346 526 en
526
-12
260 en
346
2.75
238 en
343
1.66667
406 79 en
406
-3.33333
133 315 430 en
362
1.66667
en
48
-0.833333
en
319
4.5
513 492 25 en
513
-12.1667
371 en
178
5.33333
52 160 171 369 en
141
1.91667
223 122 572 en
193
-1.66667
252 en
275
1.5
303 234 en
56
-7
35 86 273 en
273
5
237 454 en
126
0.666667
66 160 85 254 en
52
3.16667
78 394 500 en
394
-5.33333
106 58 en
46
-1.5
71 76 236 239 426 en
426
-2.5
241 en
66
-6
61 24 104 172 en
104
-4.16667
0 en
61
0.833333
47 40 60 en
41
4.5
37 57 90 27 en
57
-6.5
en
40
-11.75
34 41 84 183 73 en
183
8.25
en
601
7
en
340
0.5
28 59 en
202
4.5
329 en
329
7.66667
60 478 en
478
-3.25
273 en
83
-11
21 122 378 167 en
613
-11.5
en
378
0.333333
147 379 69 en
379
0.333333
en
77
-4.16667
138 en
138
-5.25
en
38
6.16667
113 138 78 249 en
249
-5
en
287
4.5
en
422
-4
80 en
187
1.83333
372 en
372
5
95 149 en
113
-4.5
29 111 152 191 227 213 404 433 448 en
448
0.666667
224 en
433
-2.25
40 320 en
404
-12.9167
255 537 en
227
-4.66667
233 en
224
-19.25
174 236 en
622
-8.41667
en
191
-0.833333
159 35 302 266 474 144 en
474
-4.5
421 en
302
-1.66667
50 288 en
152
-0.583333
en
584
-2.5
en
35
-8.5
20 80 44 351 459 en
459
-5
24 en
351
4
128 66 167 en
33
-1.16667
101 122 67 197 104 231 339 en
197
0
30 334 en
334
-5.33333
72 en
122
-9.91667
57 123 194 en
194
3
en
123
-5.33333
63 108 318 en
429
8.75
85 en
124
-4.5
254 458 en
458
-1.5
317 en
209
-2
108 240 en
101
-1.5
98 69 175 498 en
498
-9.08333
594 en
594
-0.5
247 en
32
-1.66667
111 en
84
4
25 477 en
477
-8
192 544 en
544
-7.25
34 en
29
-1
417 554 en
554
-3
416 en
417
-0.333333
251 en
119
-2.5
104 178 241 en
28
2
58 108 231 299 532 en
532
7.5
182 en
299
-2.25
81 399 en
399
-5.83333
30 199 en
231
1
78 411 533 en
533
-3.91667
259 0 en
411
1
162 en
313
-5.25
181 en
58
3.25
54 96 291 en
156
2
49 293 en
293
2
106 443 en
443
-3
433 en
491
5
189 en
80
17.1667
en
89
-3
341 430 en
430
-2
45 494 en
494
-0.75
346 en
341
-0.333333
391 92 en
391
-2.25
172 599 en
599
0.5
140 en
27
-6
en
462
0
en
519
-0.333333
en
50
-0.833333
53 64 581 en
581
-2.66667
339 en
468
-2
586 en
586
-7.5
490 en
53
-0.333333
79 549 en
549
6.33333
339 en
425
-0.0833333
472 551 en
551
1
165 en
81
6
107 83 565 en
565
-4
516 en
103
-6.66667
165 76 199 en
165
-3.33333
107 101 149 330 542 en
330
2
350 126 en
350
-3
142 en
395
-1.33333
516 en
105
2
258 590 en
590
-3.5
145 en
258
-3.66667
123 553 en
553
-3.58333
347 en
145
-4.25
74 101 41 187 253 en
253
1.16667
70 257 en
107
1
72 20 en
172
4
488 en
488
5
379 410 en
79
-2
25 134 115 en
134
-4.58333
en
325
-2.66667
313 en
85
-4.75
150 207 370 568 en
568
4.16667
437 en
370
-0.5
125 485 en
207
-2.66667
92 245 en
245
-0.583333
336 142 593 en
593
-6.16667
385 314 en
336
-6
47 373 en
373
2.66667
95 en
230
-16
75 en
321
1
en
205
3.16667
en
300
5
en
518
3.25
en
419
1.16667
en
497
-3.5
en
485
-3.25
en
355
-4.5
en
150
6
66 51 en
256
-4
242 457 en
457
2.25
121 280 479 585 en
585
-6.16667
365 en
47
1
45 24 62 365 en
365
-6
174 en
180
-2
en
297
-13.0833
349 en
349
2
280 623 en
623
-7.16667
421 en
62
7
112 226 38 550 en
550
-1.33333
349 en
226
-1.75
184 21 125 294 490 en
490
-10.6667
383 560 en
560
2.66667
469 en
184
-2
157 en
157
-2
56 150 210 en
31
-9
196 en
167
-6.25
25 en
117
6
259 251 en
259
6.75
92 en
74
-4.83333
64 168 61 67 566 en
566
0.0833333
en
168
5.83333
150 269 en
173
7.08333
en
91
-6.25
115 183 236 359 en
528
-15.8333
en
540
3.5
en
236
1.5
21 117 en
185
4
177 201 228 535 en
535
0
336 606 en
606
-0.666667
60 en
333
0
en
500
1.16667
en
238
7
76 50 341 en
115
6
39 88 33 46 479 548 en
479
-4.83333
122 en
24
-7.75
159 296 en
296
7.75
0 325 en
159
-6.5
191 38 en
247
-1.33333
173 388 en
441
-9.58333
610 en
610
7
268 en
388
3.08333
200 en
143
-2.08333
23 295 en
442
1
534 en
562
1.66667
en
45
-0.166667
20 55 222 en
222
-3
en
114
-4
233 en
237
1.75
520 en
520
-0.833333
63 en
54
-4.16667
55 164 115 en
55
4.5
46 380 en
380
-5
78 576 en
576
-6
176 en
78
1.5
170 25 396 244 en
396
-12.0833
0 155 en
359
1.25
en
170
-0.666667
260 450 218 en
450
-1.5
284 en
361
-1
140 en
284
0
103 en
260
6
147 279 382 en
382
5.58333
475 en
475
-0.833333
304 136 en
279
-4.5
521 en
521
-13.3333
264 en
264
2.75
en
22
-0.5
3 62 393 473 46 en
473
2.58333
334 596 en
596
4.16667
315 en
423
6.66667
625 en
625
-11
587 en
587
-1.75
120 en
393
0.666667
en
174
0.333333
220 232 254 en
412
2.33333
350 en
277
8.5
en
254
-2
49 208 en
232
-5.66667
29 en
304
4
561 en
561
-1
174 en
251
-1.16667
381 en
392
-7.5
en
486
3
en
381
-5.33333
en
308
-5.5
572 246 en
572
-9.91667
386 en
505
-0.5
en
571
-3
259 en
220
-2.5
142 193 316 en
49
-1.33333
45 268 322 408 172 185 en
408
-4.75
306 79 315 en
322
-3
139 299 359 en
268
-6.41667
299 en
139
-10.1667
93 164 en
164
1.75
115 436 567 223 en
567
3.5
511 en
511
-3
269 en
436
0.666667
192 en
269
0.333333
153 291 en
389
-4.5
579 en
579
1.66667
373 en
132
-2.58333
127 235 46 282 en
282
-8.75
259 248 en
235
-4.66667
70 en
93
9.66667
29 36 219 en
147
4.5
200 211 213 184 354 en
354
-3
120 431 en
431
2.5
348 en
435
-0.666667
162 257 en
211
-1
172 405 en
405
-15.6667
151 208 en
200
-5.66667
108 523 569 en
569
2.5
541 en
523
-3
400 en
44
-2.5
32 51 80 241 28 en
241
12.5
57 421 en
421
0.333333
143 en
51
-4.58333
206 570 en
570
7
72 en
206
1.75
130 en
72
-17.75
70 142 en
369
-1.75
en
516
4
en
179
-5.75
171 97 en
90
6.25
140 en
140
4.58333
337 482 en
482
5.08333
171 en
337
1.83333
139 449 588 en
588
-3.5
152 en
449
0.25
320 406 en
37
-3
80 194 290 en
195
3.5
171 en
289
-1.5
189 en
208
-6.41667
en
469
0.833333
359 234 en
86
-4.08333
95 261 en
95
2.83333
23 63 en
63
6.33333
100 454 en
454
-8.83333
343 en
531
-1.08333
385 en
100
5
29 539 en
539
2
220 en
42
5.58333
71 33 en
508
-7
517 en
59
-8.25
128 444 605 en
605
-6.25
496 480 en
496
2.41667
198 en
444
-1.41667
318 48 254 en
111
-0.5
116 155 162 45 en
162
-1.41667
225 en
239
1.5
125 455 en
456
11.6667
406 en
225
-6.33333
620 en
620
0.416667
39 en
120
4.75
103 137 44 en
137
-1.66667
86 211 386 en
386
3.5
277 351 416 en
118
4
618 en
116
0
172 614 en
614
2.5
20 en
534
8.5
en
21
-7.16667
23 60 73 133 127 en
133
4.16667
en
283
-2
25 397 en
397
-6.5
168 en
73
0
44 72 45 en
60
1
42 75 143 247 286 240 299 207 73 en
149
-6.75
87 135 111 en
25
-2.75
22 30 151 176 273 193 en
176
2
158 en
151
-2.5
20 252 en
252
-8.58333
384 en
538
-3.83333
en
589
-5
en
30
0.5
35 358 292 512 en
487
3.33333
591 en
612
10.9167
en
591
2.16667
164 en
39
2.08333
69 66 93 114 152 250 270 320 301 en
320
3.5
64 466 en
356
-8.16667
200 en
547
-3.75
en
437
-2
225 en
270
9
84 197 502 en
502
4.83333
107 en
250
-0.25
117 53 en
96
-3
en
69
1.16667
29 en
64
-8.58333
67 en
201
-0.5
255 en
515
6.16667
en
376
-3.33333
154 446 108 en
446
6.25
149 en
255
-0.5
85 351 256 427 en
427
1.58333
341 111 en
261
-1
83 318 168 en
67
-2.08333
en
262
-4.33333
en
524
4
en
374
-0.5
196 en
106
8.16667
27 74 65 317 353 513 en
317
-3.5
en
213
-9.41667
135 527 en
527
-13.75
423 226 en
97
-0.333333
en
307
-17.75
68 56 en
556
-4.83333
578 en
578
-7.66667
193 en
129
8
120 311 en
311
-2.16667
78 318 en
298
0.833333
366 en
366
6.75
en
71
-2.5
131 133 181 37 416 55 555 en
555
-12.3333
25 106 en
416
1.33333
189 205 en
181
-9
60 en
163
2.33333
188 204 en
323
3.5
305 402 en
503
6.5
210 en
402
4
147 34 501 en
501
-2.66667
en
305
-2.66667
162 en
188
-3.25
en
131
-3.41667
96 95 492 en
492
6
280 en
280
11.1667
468 en
26
-4.5
447 en
447
-2.33333
374 476 545 en
545
-7.66667
263 en
476
-6.33333
en
316
3.25
43 en
615
0.25
en
377
-6.41667
449 en
383
-0.666667
en
420
-10.8333
296 75 en
318
1.33333
en
199
-7.5
387 267 en
413
-9
38 en
387
0
337 en
332
3.33333
en
306
3
573 en
573
5.41667
380 en
198
-9.91667
242 en
600
-3.75
en
438
6.33333
en
242
0
en
221
-2.33333
126 246 493 130 en
493
-5.75
150 604 en
604
-2
279 en
246
-2.5
195 327 231 en
327
3.5
525 en
525
3
85 en
65
-0.833333
70 46 82 202 325 522 en
522
-5.66667
496 en
148
7.75
127 153 607 en
607
1.5
52 en
153
-10.9167
557 en
557
-8.83333
243 en
292
-9.83333
en
203
-2.5
621 en
621
5.41667
314 en
314
2.66667
323 en
70
-6
50 102 29 295 180 en
295
7.08333
91 324 en
324
-3.5
en
102
2.66667
220 en
23
1.91667
34 0 223 32 en
223
-4.33333
62 91 603 en
603
-2
407 en
407
1.83333
112 en
266
-8
110 en
127
4.58333
3 367 en
367
-10.6667
319 28 en
272
0.166667
127 326 en
326
-2.91667
252 395 en
210
-11.0833
129 en
233
1
156 en
558
9
en
87
-2
en
265
-4
en
455
1.5
255 en
347
4.58333
478 en
36
-5.16667
86 157 37 310 439 en
439
-5
595 en
595
0
335 en
335
-6.25
403 en
440
9.33333
en
403
-1.5
33 en
358
4
280 385 en
310
-3.66667
99 en
597
4
en
99
5
92 en
34
0
36 62 78 28 en
20
3.75
339 476 en
109
-4.16667
97 63 559 575 271 285 en
575
-7.75
348 609 en
559
-2.75
en
EHL
4
0
3 21 128 240 460 613 en
5
0
1 2 108 449 en
6
0
1 40 65 135 217 178 261 en
7
0
1 23 33 76 82 214 339 en
8
0
22 190 278 en
9
0
2 24 471 en
10
0
2 3 248 112 328 135 291 411 582 en
11
0
1 24 45 54 510 624 en
12
0
2 212 en
13
0
2 20 38 42 101 37 142 215 en
14
0
1 161 55 27 322 en
15
0
2 3 35 68 92 94 103 256 202 en
16
0
24 602 en
17
0
88 90 170 368 499 en
18
0
21 32 25 54 en
19
0
3 112 en
EIL
0
0
en
1
0
en
2
0
en
3
0
en
EOL
624
-3
189 en
602
-2.5
469 en
582
1.25
572 en
510
4.25
198 en
471
4
372 en
460
-1.41667
343 en
384
-7.08333
en
368
-1
152 en
363
-4.83333
239 en
339
1
152 417 en
328
-10.6667
271 529 580 en
580
-5
445 en
529
-0.666667
619 en
619
0.5
338 en
248
-9.41667
en
617
-4.91667
en
609
1.66667
0 en
240
3.66667
108 271 363 564 534 en
564
4.08333
154 en
271
-2
199 63 454 en
217
2.66667
140 280 en
263
5.41667
124 279 en
215
1
en
410
-3.5
en
541
0.666667
en
418
2
101 en
214
-6.66667
163 en
301
-6.33333
616 en
616
-4.33333
103 en
212
-4.5
51 60 en
204
2.91667
400 en
400
-2
64 en
190
0.916667
186 257 en
257
1.66667
364 en
530
0.166667
en
574
1.33333
en
364
-2
371 40 en
371
-13
114 618 en
618
7
339 en
189
-4.5
32 331 en
331
0
117 563 en
563
-3.25
200 en
186
0.75
466 187 en
466
-3.83333
79 en
182
-1.33333
243 244 198 en
244
-8
98 344 238 598 en
598
2
153 en
344
0.666667
298 en
243
-0.75
31 0 294 432 en
432
-15.5
465 489 en
489
2.5
290 en
465
-3.66667
en
504
0.583333
517 en
517
-1.41667
en
161
5
175 216 59 en
216
-5
36 147 222 en
175
0
422 en
484
-2.5
464 en
464
-13.8333
279 en
158
-8.75
en
303
-13.9167
en
228
-5.66667
342 en
342
-4.83333
352 en
352
-1.33333
257 114 428 en
428
-14
213 en
196
9
256 187 345 en
348
4.08333
180 360 60 en
360
-0.916667
55 en
171
-3
472 en
472
-4.66667
366 592 en
592
-3.41667
26 en
608
2
611 en
611
-8.5
350 626 en
626
2.5
525 en
142
0.333333
en
267
-5.83333
481 en
481
-7
154 en
353
0
171 en
135
-2.83333
278 en
278
5.41667
169 170 55 en
146
-2.33333
en
219
-2.33333
63 483 en
483
-0.916667
37 369 534 en
128
-7
111 21 30 415 en
415
-7
181 171 358 en
499
4.33333
en
144
-10
142 229 286 en
583
6
en
286
3.5
398 en
398
4.83333
158 463 en
463
1.33333
244 548 en
548
9.5
385 100 en
192
-0.666667
292 en
294
-4
182 269 en
108
-5.33333
25 95 186 260 453 en
453
-0.666667
509 294 en
509
1
300 en
94
7.66667
169 65 en
169
-6
en
136
1
315 451 en
451
0
41 en
315
-8.5
234 43 390 en
288
3
249 200 en
495
1.33333
en
309
-6.25
en
536
8.25
en
234
-12.1667
341 en
345
-9
107 294 137 en
112
-3.16667
en
285
0.666667
en
92
-0.583333
50 249 287 390 en
390
-5.75
70 440 en
401
-12.8333
en
88
2
41 155 29 148 385 en
385
-1.75
345 227 en
155
3.33333
56 109 en
82
-0.166667
70 546 en
546
-2.5
435 en
76
-4.66667
295 en
291
-5.75
153 en
409
-1.25
en
537
0.166667
577 en
577
1
46 en
75
-4.83333
125 274 24 53 138 en
274
-0.5
154 414 en
414
-1
282 en
424
-2
557 en
445
-11.1667
360 en
154
7
72 229 187 514 204 en
514
2.08333
421 543 432 en
543
-7
195 en
229
6.75
226 en
125
1.66667
131 290 312 480 70 en
480
5.25
278 en
312
-2
77 en
542
-9.25
en
552
-1.91667
en
290
-1.91667
32 343 en
470
-7.25
en
68
2.33333
62 102 302 338 en
512
3.58333
en
338
-3.5
en
461
0.166667
102 146 en
43
5.33333
1 20 98 110 107 87 en
110
-14.9167
49 467 506 en
506
-11.8333
318 en
467
-2.83333
94 en
98
0.0833333
166 20 301 55 en
166
3.66667
66 44 33 278 en
357
2.41667
249 en
121
2.66667
130 214 en
434
-8.5
en
507
0
en
160
-4.5
en
130
-10.6667
177 195 141 452 en
452
4.5
24 436 en
177
5
127 218 en
218
-6.66667
276 375 en
375
-0.166667
178 44 en
281
-1.66667
en
276
-0.666667
167 209 346 526 en
526
-12
260 en
346
2
238 en
343
-5
406 79 en
406
-4
133 315 430 en
362
-0.833333
en
48
-0.833333
en
319
5.5
513 492 25 en
513
-12.1667
371 en
178
6.66667
52 160 171 369 en
141
2.66667
223 122 572 en
193
-3.16667
252 en
275
-9.25
303 234 en
56
-7
35 86 273 en
273
7
237 454 en
126
-0.333333
66 160 85 254 en
52
3.16667
78 394 500 en
394
-4.83333
106 58 en
46
0.5
71 76 236 239 426 en
426
-4.83333
241 en
66
-6
61 24 104 172 en
104
-4.16667
0 en
61
2.41667
47 40 60 en
41
4
37 57 90 27 en
57
-6.5
en
40
-10.9167
34 41 84 183 73 en
183
-3
en
601
4.75
en
340
-1.33333
28 59 en
202
1
329 en
329
-10
60 478 en
478
-2.75
273 en
83
-15
21 122 378 167 en
613
-11.5
en
378
0.583333
147 379 69 en
379
-0.333333
en
77
-3.5
138 en
138
-5.58333
en
38
6.16667
113 138 78 249 en
249
-5
en
287
4.5
en
422
-1
80 en
187
2.5
372 en
372
3.75
95 149 en
113
-4.25
29 111 152 191 227 213 404 433 448 en
448
-2.25
224 en
433
-4
40 320 en
404
-12.9167
255 537 en
227
-4.66667
233 en
224
-11.25
174 236 en
622
-8.08333
en
191
-5
159 35 302 266 474 144 en
474
-4.25
421 en
302
-1.91667
50 288 en
152
0.416667
en
584
-2.5
en
35
-8.5
20 80 44 351 459 en
459
-4
24 en
351
2.5
128 66 167 en
33
-2.33333
101 122 67 197 104 231 339 en
197
1
30 334 en
334
-7.83333
72 en
122
-3
57 123 194 en
194
-2.5
en
123
0
63 108 318 en
429
6.75
85 en
124
-4.5
254 458 en
458
-0.833333
317 en
209
-6
108 240 en
101
-0.333333
98 69 175 498 en
498
-9.08333
594 en
594
1.5
247 en
32
-1.66667
111 en
84
4.66667
25 477 en
477
-8
192 544 en
544
0
34 en
29
2
417 554 en
554
-7
416 en
417
-2
251 en
119
-6.5
104 178 241 en
28
-8
58 108 231 299 532 en
532
7.5
182 en
299
-4.58333
81 399 en
399
-2.66667
30 199 en
231
-3.5
78 411 533 en
533
-5
259 0 en
411
3
162 en
313
-5.75
181 en
58
3.5
54 96 291 en
156
2
49 293 en
293
3
106 443 en
443
-4
433 en
491
5.5
189 en
80
10.1667
en
89
-3.75
341 430 en
430
-4
45 494 en
494
-0.75
346 en
341
-1.83333
391 92 en
391
-3.91667
172 599 en
599
0.833333
140 en
27
-7
en
462
-0.25
en
519
-0.583333
en
50
6
53 64 581 en
581
9
339 en
468
-5
586 en
586
-7.5
490 en
53
-4.33333
79 549 en
549
10.8333
339 en
425
10.3333
472 551 en
551
3
165 en
81
2.83333
107 83 565 en
565
-6
516 en
103
-9.66667
165 76 199 en
165
-2.33333
107 101 149 330 542 en
330
2
350 126 en
350
-3
142 en
395
-1.33333
516 en
105
-4.5
258 590 en
590
-3.25
145 en
258
-4.66667
123 553 en
553
-3.58333
347 en
145
5
74 101 41 187 253 en
253
1.16667
70 257 en
107
-4.5
72 20 en
172
3.66667
488 en
488
4
379 410 en
79
-2
25 134 115 en
134
-5
en
325
-7
313 en
85
-8.25
150 207 370 568 en
568
0.5
437 en
370
-1.66667
125 485 en
207
0.333333
92 245 en
245
-0.583333
336 142 593 en
593
-5.16667
385 314 en
336
-5
47 373 en
373
2.66667
95 en
230
1.41667
75 en
321
1.66667
en
205
5.66667
en
300
1.75
en
518
7
en
419
0.333333
en
497
-3.5
en
485
-5.25
en
355
-4.33333
en
150
1
66 51 en
256
-1
242 457 en
457
2.25
121 280 479 585 en
585
-7.5
365 en
47
-5
45 24 62 365 en
365
-6.66667
174 en
180
-2.5
en
297
-18.0833
349 en
349
3.25
280 623 en
623
-2.5
421 en
62
7
112 226 38 550 en
550
-1.33333
349 en
226
-2
184 21 125 294 490 en
490
-6.91667
383 560 en
560
1.33333
469 en
184
-8
157 en
157
-2
56 150 210 en
31
-9
196 en
167
-9.08333
25 en
117
1.5
259 251 en
259
6.5
92 en
74
-8.33333
64 168 61 566 en
566
-0.666667
en
168
5.58333
150 269 en
173
6.83333
en
91
1.83333
115 183 236 359 en
528
-15.8333
en
540
4.5
en
236
1.5
21 117 en
185
4
177 201 228 535 en
535
0.25
336 606 en
606
1
60 en
333
-1
en
500
2.16667
en
238
-10
76 50 341 en
115
6.33333
39 88 33 46 479 548 en
479
-6.16667
122 en
24
-1.66667
159 296 en
296
3.5
0 325 en
159
-6.5
191 38 en
247
2.5
173 388 en
441
9
610 en
610
7
268 en
388
1.08333
200 en
143
1.91667
23 295 en
442
2
534 en
562
-8
en
45
-0.166667
20 55 222 en
222
-2
en
114
-2.83333
233 en
237
2.41667
520 en
520
-0.833333
63 en
54
-4.16667
55 164 115 en
55
0
46 380 en
380
-5
78 576 en
576
-6
176 en
78
1.5
170 25 396 244 en
396
-12.0833
0 155 en
359
-4.08333
en
170
-0.166667
260 450 218 en
450
4.5
284 en
361
-1
140 en
284
3.5
103 en
260
10.3333
147 279 382 en
382
5.58333
475 en
475
-0.833333
304 136 en
279
-3
521 en
521
-13.3333
264 en
264
3
en
22
-3
3 62 393 473 46 en
473
2.58333
334 596 en
596
7.16667
315 en
423
6.33333
625 en
625
-16.5
587 en
587
-1.25
120 en
393
-2.5
en
174
-7
220 232 254 en
412
2.33333
350 en
277
8.5
en
254
-2.66667
49 208 en
232
-3
29 en
304
4.66667
561 en
561
-0.333333
174 en
251
-1.16667
381 en
392
-7.5
en
486
-1
en
381
-5.58333
en
308
-5.5
572 246 en
572
6
386 en
505
-0.5
en
571
-2.91667
259 en
220
-2.5
142 193 316 en
49
-2.33333
45 268 322 408 172 185 en
408
6
306 79 315 en
322
-4
139 299 359 en
268
-3.5
299 en
139
-9.41667
93 164 en
164
1.75
115 436 567 223 en
567
-2.08333
511 en
511
-3
269 en
436
1
192 en
269
0.333333
153 291 en
389
-2.33333
579 en
579
-3.08333
373 en
132
-7.58333
127 235 46 282 en
282
-12.0833
259 248 en
235
-6
70 en
93
9.16667
29 36 219 en
147
7
200 211 213 184 354 en
354
-3
120 431 en
431
8
348 en
435
0.333333
162 257 en
211
-1
172 405 en
405
-14.3333
151 208 en
200
-4.66667
108 523 569 en
569
1.25
541 en
523
0
400 en
44
-4.83333
32 51 80 241 28 en
241
-1.33333
57 421 en
421
-7.5
143 en
51
-4.58333
206 570 en
570
-2.5
72 en
206
-2.66667
130 en
72
-13.5
70 142 en
369
-2.75
en
516
4
en
179
-5.41667
171 97 en
90
8.25
140 en
140
5.33333
337 482 en
482
5.08333
171 en
337
1.83333
139 449 588 en
588
-3.5
152 en
449
0.25
320 406 en
37
2
80 194 290 en
195
4.5
171 en
289
1.5
189 en
208
-2.33333
en
469
1.58333
359 234 en
86
-4.08333
95 261 en
95
2
23 63 en
63
7.33333
100 454 en
454
-4.83333
343 en
531
-3.58333
385 en
100
5
29 539 en
539
2
220 en
42
6.58333
71 33 en
508
-5.66667
517 en
59
-8.25
128 444 605 en
605
-7.25
496 480 en
496
0.416667
198 en
444
-1.91667
318 48 254 en
111
-2.5
116 155 162 45 en
162
0.0833333
225 en
239
1.5
125 455 en
456
-2
406 en
225
-6
620 en
620
0.416667
39 en
120
2
103 137 44 en
137
3.16667
86 211 386 en
386
2
277 351 416 en
118
4.75
618 en
116
-2.66667
172 614 en
614
2.5
20 en
534
5.25
en
21
-8.16667
23 60 73 133 127 en
133
4.16667
en
283
-2
25 397 en
397
-6.5
168 en
73
-1
44 72 45 en
60
-4
42 75 143 247 286 240 299 207 73 en
149
-6.75
87 135 111 en
25
1.5
22 30 151 176 273 193 en
176
1.5
158 en
151
-4.5
20 252 en
252
-8.58333
384 en
538
-3.83333
en
589
-4
en
30
1
35 358 292 512 en
487
0.833333
591 en
612
11.0833
en
591
1.66667
164 en
39
2.08333
69 66 93 114 152 250 270 320 301 en
320
2
64 466 en
356
1
200 en
547
1.5
en
437
-2
225 en
270
12
84 197 502 en
502
4.83333
107 en
250
-0.25
117 53 en
96
-2
en
69
3.16667
29 en
64
-8.58333
67 en
201
2
255 en
515
5.66667
en
376
-4.58333
154 446 108 en
446
6.25
149 en
255
-2
85 351 256 427 en
427
6
341 111 en
261
1
83 318 168 en
67
-2.33333
en
262
-3.66667
en
524
4
en
374
2
196 en
106
9.5
27 74 65 317 353 513 en
317
-2.08333
en
213
-9.41667
135 527 en
527
-13.75
423 226 en
97
-2.83333
en
307
-5
68 56 en
556
-4.33333
578 en
578
-7
193 en
129
7.5
120 311 en
311
-3.16667
78 318 en
298
1.33333
366 en
366
7.25
en
71
-3.5
131 133 181 37 416 55 555 en
555
-12.3333
25 106 en
416
4.83333
189 205 en
181
-9
60 en
163
2.33333
188 204 en
323
4.16667
305 402 en
503
6.83333
210 en
402
-1.66667
147 34 501 en
501
0
en
305
-3.16667
162 en
188
-3.25
en
131
0.583333
96 95 492 en
492
6
280 en
280
8.66667
468 en
26
-3.5
447 en
447
-2.33333
374 476 545 en
545
-7.66667
263 en
476
-3
en
316
1.58333
43 en
615
0.25
en
377
-6.41667
449 en
383
-0.25
en
420
-10.8333
296 75 en
318
1.33333
en
199
-8
387 267 en
413
-9
38 en
387
-2.33333
337 en
332
2
en
306
2
573 en
573
7.25
380 en
198
-9.66667
242 en
600
-4.5
en
438
4.83333
en
242
4
en
221
-3.33333
126 246 493 130 en
493
-8.91667
150 604 en
604
-2
279 en
246
-2.5
195 327 231 en
327
0.166667
525 en
525
3.66667
85 en
65
-0.833333
70 46 82 202 325 522 en
522
-5.66667
496 en
148
2.25
127 153 607 en
607
1.5
52 en
153
-10.9167
557 en
557
-8.83333
243 en
292
-9.83333
en
203
-2.83333
621 en
621
7.41667
314 en
314
-11.6667
323 en
70
-5.66667
50 102 29 295 180 en
295
7.08333
91 324 en
324
4
en
102
2.66667
220 en
23
-6
34 0 223 32 en
223
-4.33333
62 91 603 en
603
-3.16667
407 en
407
1.83333
112 en
266
-9
110 en
127
4.58333
3 367 en
367
-11.1667
319 28 en
272
0.166667
127 326 en
326
-2.91667
252 395 en
210
-11.0833
129 en
233
2.33333
156 en
558
9
en
87
-2
en
265
2
en
455
2.5
255 en
347
3.58333
478 en
36
-6.16667
86 157 37 310 439 en
439
3
595 en
595
0
335 en
335
-9.75
403 en
440
7
en
403
-2.5
33 en
358
4.5
280 385 en
310
-0.666667
99 en
597
-5.5
en
99
6.33333
92 en
34
0.333333
36 62 78 28 en
20
3.41667
339 476 en
109
-3.83333
97 63 559 575 271 285 en
575
3
348 609 en
559
-0.75
en
EHL
4
0
3 21 128 240 460 613 en
5
0
1 2 108 449 en
6
0
1 40 65 135 217 178 261 en
7
0
1 23 33 76 82 214 339 en
8
0
22 190 278 en
9
0
2 24 471 en
10
0
2 3 248 112 328 135 291 411 582 en
11
0
1 24 45 54 510 624 en
12
0
2 212 en
13
0
2 20 38 42 101 37 142 215 en
14
0
1 161 55 27 322 en
15
0
2 3 35 68 92 94 103 256 202 en
16
0
24 602 en
17
0
88 90 170 368 499 en
18
0
21 32 25 54 en
19
0
3 112 en
EIL
0
0
en
1
0
en
2
0
en
3
0
en
EOL
624
-2
189 en
602
-2.5
469 en
582
1.25
572 en
510
7.25
198 en
471
-8.66667
372 en
460
-0.666667
343 en
384
-7.08333
en
368
-2.33333
152 en
363
-2.33333
239 en
339
0.833333
152 417 en
328
-9.66667
271 529 580 en
580
-2.5
445 en
529
8.25
619 en
619
-6.91667
338 en
248
-8.75
en
617
-5.66667
en
609
1.66667
0 en
240
2.66667
108 271 363 564 534 en
564
3.5
154 en
271
1
199 63 454 en
217
0.666667
140 280 en
263
4.41667
124 279 en
215
1
en
410
-3.5
en
541
-1.33333
en
418
2
101 en
214
-6.66667
163 en
301
-6.33333
616 en
616
-2.5
103 en
212
-4.5
51 60 en
204
2.91667
400 en
400
-2
64 en
190
0.916667
186 257 en
257
0.166667
364 en
530
-0.833333
en
574
8
en
364
-2
371 40 en
371
-10
114 618 en
618
7
339 en
189
-2.5
32 331 en
331
-3
117 563 en
563
1.75
200 en
186
-0.25
466 187 en
466
-4.33333
79 en
182
-1
243 244 198 en
244
-8
98 344 238 598 en
598
2.33333
153 en
344
-1.33333
298 en
243
2.5
31 0 294 432 en
432
-15.5
465 489 en
489
2.5
290 en
465
-3.66667
en
504
0.583333
517 en
517
-1.66667
en
161
5
175 216 59 en
216
0.166667
36 147 222 en
175
0
422 en
484
-4.16667
464 en
464
-11.25
279 en
158
-8.75
en
303
-8.91667
en
228
-0.666667
342 en
342
-4.83333
352 en
352
-1
257 114 428 en
428
-5.33333
213 en
196
2.83333
256 187 345 en
348
4.08333
180 360 60 en
360
-0.333333
55 en
171
-4
472 en
472
-5.41667
366 592 en
592
-1.41667
26 en
608
2.66667
611 en
611
-8.5
350 626 en
626
-4.33333
525 en
142
0.333333
en
267
-3.33333
481 en
481
-8.25
154 en
353
0
171 en
135
-3
278 en
278
5.41667
169 170 55 en
146
-3.66667
en
219
-2.5
63 483 en
483
-18.4167
37 369 534 en
128
-2.41667
111 21 30 415 en
415
2.5
181 171 358 en
499
4.33333
en
144
-4.5
142 229 286 en
583
1.58333
en
286
4.5
398 en
398
4.83333
158 463 en
463
5.33333
244 548 en
548
4.5
385 100 en
192
-0.666667
292 en
294
-17
182 269 en
108
-4.33333
25 95 186 260 453 en
453
-3.66667
509 294 en
509
1
300 en
94
-1.16667
169 65 en
169
-6
en
136
4.5
315 451 en
451
0
41 en
315
-6
234 43 390 en
288
5
249 200 en
495
-1
en
309
-6.25
en
536
7
en
234
-11.1667
341 en
345
-10
107 294 137 en
112
-3.16667
en
285
-0.833333
en
92
1.16667
50 249 287 390 en
390
-1.75
70 440 en
401
-12.8333
en
88
2
41 155 29 148 385 en
385
-1
345 227 en
155
2
56 109 en
82
-0.166667
70 546 en
546
-0.5
435 en
76
-5.66667
295 en
291
-4
153 en
409
-1.25
en
537
0.333333
577 en
577
-1.5
46 en
75
-3
125 274 24 53 138 en
274
-2.5
154 414 en
414
0
282 en
424
-5.5
557 en
445
-11.1667
360 en
154
8
72 229 187 514 204 en
514
3.08333
421 543 432 en
543
-2
195 en
229
-6
226 en
125
1.41667
131 290 312 480 70 en
480
1.25
278 en
312
-3.33333
77 en
542
-12.5
en
552
-1.91667
en
290
-2.91667
32 343 en
470
-7.25
en
68
8
62 102 302 338 en
512
1.58333
en
338
-4
328 en
461
-0.833333
102 146 en
43
5
1 20 98 110 107 87 en
110
-14.9167
49 467 506 en
506
-11.0833
318 en
467
2
94 en
98
1.08333
166 20 301 55 en
166
-2.5
66 44 33 278 en
357
2.41667
249 en
121
1.33333
130 214 en
434
-8.5
en
507
2
en
160
-3
en
130
-10.4167
177 195 141 452 en
452
4.5
24 436 en
177
3.5
127 218 en
218
-9.16667
276 375 en
375
1
178 44 en
281
-1.66667
en
276
6
167 209 346 526 en
526
-12
260 en
346
2.75
238 en
343
1.66667
406 79 en
406
-3.33333
133 315 430 en
362
1.66667
en
48
-0.833333
en
319
4.5
513 492 25 en
513
-12.1667
371 en
178
5.33333
52 160 171 369 en
141
1.91667
223 122 572 en
193
-1.66667
252 en
275
2.5
303 234 en
56
-7
35 86 273 en
273
5
237 454 en
126
0.666667
66 160 85 254 en
52
3.16667
78 394 500 en
394
-5.33333
106 58 en
46
-1.5
71 76 236 239 426 en
426
5
241 en
66
-6
61 24 104 172 en
104
-4.16667
0 en
61
0.833333
47 40 60 en
41
4.5
37 57 90 27 en
57
-6.5
en
40
-11.75
34 41 84 183 73 en
183
8.25
en
601
7
en
340
-1.33333
28 59 en
202
4.5
329 en
329
7.66667
60 478 en
478
-7.91667
273 en
83
-11
21 122 378 167 en
613
-11.5
en
378
0.333333
147 379 69 en
379
0.333333
en
77
-4.16667
138 en
138
-5.25
en
38
7.16667
113 138 78 249 en
249
-6.33333
en
287
4.5
en
422
-4
80 en
187
1.83333
372 en
372
5
95 149 en
113
-4.5
29 111 152 191 227 213 404 433 448 en
448
0.666667
224 en
433
-2.25
40 320 en
404
-12.9167
255 537 en
227
-4.66667
233 en
224
-14.25
174 236 en
622
-8.41667
en
191
0.5
159 35 302 266 474 144 en
474
-5.5
421 en
302
-1.66667
50 288 en
152
-0.583333
en
584
-2.5
en
35
-8.5
20 80 44 351 459 en
459
-5
24 en
351
3
128 66 167 en
33
-1.16667
101 122 67 197 104 231 339 en
197
0
30 334 en
334
-5.33333
72 en
122
-9.91667
57 123 194 en
194
3
en
123
-5.33333
63 108 318 en
429
8.75
85 en
124
-4.5
254 458 en
458
-1.5
317 en
209
-2
108 240 en
101
-1.5
98 69 175 498 en
498
-9.08333
594 en
594
-0.5
247 en
32
-1.66667
111 en
84
4
25 477 en
477
-8
192 544 en
544
-7
34 en
29
-1
417 554 en
554
-3
416 en
417
2.66667
251 en
119
-2.5
104 178 241 en
28
2
58 108 231 299 532 en
532
7.5
182 en
299
-2.25
81 399 en
399
-5.83333
30 199 en
231
1
78 411 533 en
533
-3.91667
259 0 en
411
1
162 en
313
-5.25
181 en
58
3.25
54 96 291 en
156
2
49 293 en
293
2
106 443 en
443
-3
433 en
491
5
189 en
80
15.1667
en
89
-4.5
341 430 en
430
-2
45 494 en
494
-0.75
346 en
341
-0.333333
391 92 en
391
-2.25
172 599 en
599
0.833333
140 en
27
-6
en
462
0.75
en
519
-0.333333
en
50
-0.833333
53 64 581 en
581
-2.66667
339 en
468
-2
586 en
586
-7.5
490 en
53
-0.333333
79 549 en
549
6.33333
339 en
425
-0.0833333
472 551 en
551
1
165 en
81
6
107 83 565 en
565
-2
516 en
103
-6.66667
165 76 199 en
165
-3.33333
107 101 149 330 542 en
330
2
350 126 en
350
-3
142 en
395
-1.33333
516 en
105
-1
258 590 en
590
-3.5
145 en
258
-3.66667
123 553 en
553
0.416667
347 en
145
-2.25
74 101 41 187 253 en
253
1.16667
70 257 en
107
1
72 20 en
172
4
488 en
488
5
379 410 en
79
-2
25 134 115 en
134
-4.58333
en
325
-1.66667
313 en
85
-4.75
150 207 370 568 en
568
4.16667
437 en
370
-0.5
125 485 en
207
-2.66667
92 245 en
245
-0.583333
336 142 593 en
593
-6.16667
385 314 en
336
-6
47 373 en
373
2.66667
95 en
230
-16
75 en
321
1
en
205
5.66667
en
300
5
en
518
3.25
en
419
1.16667
en
497
-3.5
en
485
-3.25
en
355
-3
en
150
6
66 51 en
256
0
242 457 en
457
2.25
121 280 479 585 en
585
-6.16667
365 en
47
1
45 24 62 365 en
365
-6
174 en
180
-2
en
297
-13.0833
349 en
349
2
280 623 en
623
-7.16667
421 en
62
7
112 226 38 550 en
550
-1.33333
349 en
226
-1.75
184 21 125 294 490 en
490
-10.6667
383 560 en
560
2.66667
469 en
184
-2
157 en
157
-2
56 150 210 en
31
-9
196 en
167
-6.25
25 en
117
6
259 251 en
259
6.75
92 en
74
-4.83333
64 168 61 67 566 en
566
-0.166667
en
168
5.83333
150 269 en
173
7.08333
en
91
-5.5
115 183 236 359 en
528
-20.8333
en
540
3.5
en
236
1.5
21 117 en
185
4
177 201 228 535 en
535
0
336 606 en
606
-0.666667
60 en
333
0
en
500
1.16667
en
238
7
76 50 341 en
115
6
39 88 33 46 479 548 en
479
-4.83333
122 en
24
-7.75
159 296 en
296
7.75
0 325 en
159
-6.5
191 38 en
247
1.16667
173 388 en
441
-8.33333
610 en
610
7
268 en
388
3.08333
200 en
143
-2.08333
23 295 en
442
1
534 en
562
1.66667
en
45
-0.166667
20 55 222 en
222
-3
en
114
-4
233 en
237
1.75
520 en
520
-0.833333
63 en
54
-4.16667
55 164 115 en
55
0.5
46 380 en
380
-5
78 576 en
576
-6
176 en
78
1.5
170 25 396 244 en
396
-12.0833
0 155 en
359
1.25
en
170
-0.666667
260 450 218 en
450
-1.5
284 en
361
-1
140 en
284
0.75
103 en
260
6
147 279 382 en
382
5.58333
475 en
475
-0.833333
304 136 en
279
-4.5
521 en
521
-13.3333
264 en
264
2.75
en
22
0.25
3 62 393 473 46 en
473
2.58333
334 596 en
596
4.16667
315 en
423
7.33333
625 en
625
-11.5
587 en
587
-1.75
120 en
393
0.666667
en
174
0.333333
220 232 254 en
412
2.33333
350 en
277
8.5
en
254
-2
49 208 en
232
-5.66667
29 en
304
4
561 en
561
-1
174 en
251
-1.16667
381 en
392
-7.5
en
486
3
en
381
-5.33333
en
308
-5.5
572 246 en
572
-9.91667
386 en
505
-0.5
en
571
-2
259 en
220
-2.5
142 193 316 en
49
-1.33333
45 268 322 408 172 185 en
408
-4.75
306 79 315 en
322
-3
139 299 359 en
268
-6.41667
299 en
139
-10.1667
93 164 en
164
1.75
115 436 567 223 en
567
3.5
511 en
511
-3
269 en
436
0.666667
192 en
269
0.333333
153 291 en
389
-5.25
579 en
579
1.66667
373 en
132
-2.58333
127 235 46 282 en
282
-8.75
259 248 en
235
-4.66667
70 en
93
9.66667
29 36 219 en
147
4.5
200 211 213 184 354 en
354
-3
120 431 en
431
2.5
348 en
435
-0.666667
162 257 en
211
-1
172 405 en
405
-16.4167
151 208 en
200
-5.66667
108 523 569 en
569
2.5
541 en
523
-2
400 en
44
-2.5
32 51 80 241 28 en
241
12.5
57 421 en
421
0.333333
143 en
51
-4.58333
206 570 en
570
7
72 en
206
1.75
130 en
72
-17.75
70 142 en
369
-1.75
en
516
4
en
179
-5.75
171 97 en
90
6.25
140 en
140
4.58333
337 482 en
482
5.08333
171 en
337
1.83333
139 449 588 en
588
-3.5
152 en
449
0.25
320 406 en
37
-3.5
80 194 290 en
195
3.5
171 en
289
-1.5
189 en
208
-6.41667
en
469
0.833333
359 234 en
86
-4.08333
95 261 en
95
4.16667
23 63 en
63
6.33333
100 454 en
454
-8.83333
343 en
531
-1.08333
385 en
100
-9
29 539 en
539
2
220 en
42
5.58333
71 33 en
508
-7
517 en
59
-8.25
128 444 605 en
605
-6.25
496 480 en
496
2.41667
198 en
444
-1.41667
318 48 254 en
111
-0.5
116 155 162 45 en
162
-1.41667
225 en
239
1.5
125 455 en
456
11.6667
406 en
225
-6.33333
620 en
620
0.416667
39 en
120
4.75
103 137 44 en
137
-1.66667
86 211 386 en
386
3.5
277 351 416 en
118
4
618 en
116
0
172 614 en
614
2.5
20 en
534
8.5
en
21
-7.16667
23 60 73 133 127 en
133
4.16667
en
283
-2
25 397 en
397
-6.5
168 en
73
0
44 72 45 en
60
1
42 75 143 247 286 240 299 207 73 en
149
-6.75
87 135 111 en
25
-2.75
22 30 151 176 273 193 en
176
2
158 en
151
-2.5
20 252 en
252
-8.58333
384 en
538
-3.83333
en
589
-5
en
30
1
35 358 292 512 en
487
3.33333
591 en
612
9.58333
en
591
2.16667
164 en
39
2.08333
69 66 93 114 152 250 270 320 301 en
320
3.5
64 466 en
356
-8.16667
200 en
547
-3.75
en
437
-2
225 en
270
9
84 197 502 en
502
4.83333
107 en
250
-0.25
117 53 en
96
-3
en
69
1.16667
29 en
64
-8.58333
67 en
201
-0.5
255 en
515
6.16667
en
376
-3.33333
154 446 108 en
446
6.25
149 en
255
-0.5
85 351 256 427 en
427
1.58333
341 111 en
261
-1
83 318 168 en
67
-2.33333
en
262
-3.66667
en
524
4
en
374
-1
196 en
106
8.16667
27 74 65 317 353 513 en
317
-3.5
en
213
-9.41667
135 527 en
527
-13.75
423 226 en
97
-2.33333
en
307
-17.75
68 56 en
556
-4.83333
578 en
578
-7.66667
193 en
129
7.25
120 311 en
311
-2.16667
78 318 en
298
0.833333
366 en
366
6.75
en
71
-2.5
131 133 181 37 416 55 555 en
555
-12.3333
25 106 en
416
0.166667
189 205 en
181
-9
60 en
163
1.33333
188 204 en
323
3.5
305 402 en
503
6.5
210 en
402
4.75
147 34 501 en
501
-2.66667
en
305
-2.66667
162 en
188
-3.25
en
131
-3.41667
96 95 492 en
492
6
280 en
280
11.1667
468 en
26
-4.5
447 en
447
-2.33333
374 476 545 en
545
-7.66667
263 en
476
-5.33333
en
316
3.58333
43 en
615
0.25
en
377
-6.41667
449 en
383
-0.666667
en
420
-12.0833
296 75 en
318
1.33333
en
199
-7.5
387 267 en
413
-7
38 en
387
0
337 en
332
3.33333
en
306
2.33333
573 en
573
5.41667
380 en
198
-9.66667
242 en
600
-3.75
en
438
6
en
242
0
en
221
-2.33333
126 246 493 130 en
493
-5.75
150 604 en
604
-2
279 en
246
-2.25
195 327 231 en
327
3.5
525 en
525
3
85 en
65
-0.833333
70 46 82 202 325 522 en
522
-5.66667
496 en
148
7.75
127 153 607 en
607
1.5
52 en
153
-10.9167
557 en
557
-8.83333
243 en
292
-9.83333
en
203
-2.5
621 en
621
5.41667
314 en
314
-11.6667
323 en
70
-7
50 102 29 295 180 en
295
7.08333
91 324 en
324
-3.5
en
102
2.66667
220 en
23
1.91667
34 0 223 32 en
223
-4.33333
62 91 603 en
603
-2
407 en
407
1.83333
112 en
266
-8
110 en
127
4.58333
3 367 en
367
-10.6667
319 28 en
272
0.166667
127 326 en
326
-2.91667
252 395 en
210
-11.0833
129 en
233
1
156 en
558
9
en
87
-2
en
265
-4
en
455
2.5
255 en
347
3.58333
478 en
36
-5.16667
86 157 37 310 439 en
439
-3
595 en
595
0
335 en
335
-6.25
403 en
440
9.33333
en
403
-1.5
33 en
358
4
280 385 en
310
-3.66667
99 en
597
4
en
99
5
92 en
34
0
36 62 78 28 en
20
3.75
339 476 en
109
-4.16667
97 63 559 575 271 285 en
575
-7.75
348 609 en
559
-2.75
en
EHL
4
0
3 21 128 240 460 613 en
5
0
1 2 108 449 en
6
0
1 40 65 135 217 178 261 en
7
0
1 23 33 76 82 214 339 en
8
0
22 190 278 en
9
0
2 24 471 en
10
0
2 3 248 112 328 135 291 411 582 en
11
0
1 24 45 54 510 624 en
12
0
2 212 en
13
0
2 20 38 42 101 37 142 215 en
14
0
1 161 55 27 322 en
15
0
2 3 35 68 92 94 103 256 202 en
16
0
24 602 en
17
0
88 90 170 368 499 en
18
0
21 32 25 54 en
19
0
3 112 en
EIL
0
0
en
1
0
en
2
0
en
3
0
en
EOL
624
-3
189 en
602
-2.5
469 en
582
1.25
572 en
510
4.25
198 en
471
4
372 en
460
-1.41667
343 en
384
-7.08333
en
368
-1
152 en
363
-2.33333
239 en
339
1
152 417 en
328
-9.66667
271 529 580 en
580
-2.5
445 en
529
9.58333
619 en
619
2
338 en
248
-9.41667
en
617
-4.91667
en
609
1.66667
0 en
240
3.66667
108 271 363 564 534 en
564
4.08333
154 en
271
-2
199 63 454 en
217
2.66667
140 280 en
263
5.41667
124 279 en
215
1
en
410
-3.5
en
541
0.666667
en
418
2
101 en
214
-6.66667
163 en
301
-6.33333
616 en
616
-4.33333
103 en
212
-4.5
51 60 en
204
2.91667
400 en
400
-2
64 en
190
0.916667
186 257 en
257
1.66667
364 en
530
0.166667
en
574
2
en
364
-2
371 40 en
371
-10
114 618 en
618
7
339 en
189
-2.5
32 331 en
331
-3.33333
117 563 en
563
-3.25
200 en
186
-0.25
466 187 en
466
-3.83333
79 en
182
-1.33333
243 244 198 en
244
-8
98 344 238 598 en
598
2
153 en
344
-1.33333
298 en
243
-0.75
31 0 294 432 en
432
-15.5
465 489 en
489
2.5
290 en
465
-3.66667
en
504
0.583333
517 en
517
-1.41667
en
161
5
175 216 59 en
216
0.166667
36 147 222 en
175
0
422 en
484
-6.5
464 en
464
-12.5833
279 en
158
-8.75
en
303
-13.9167
en
228
-0.666667
342 en
342
-4.83333
352 en
352
-1.33333
257 114 428 en
428
-14
213 en
196
2.83333
256 187 345 en
348
4.08333
180 360 60 en
360
-1.58333
55 en
171
-3
472 en
472
-4.66667
366 592 en
592
-3.41667
26 en
608
2
611 en
611
-8.5
350 626 en
626
3.5
525 en
142
0.333333
en
267
-5.83333
481 en
481
-7
154 en
353
0
171 en
135
-2.83333
278 en
278
5.41667
169 170 55 en
146
-2.33333
en
219
-0.5
63 483 en
483
-0.666667
37 369 534 en
128
-1.41667
111 21 30 415 en
415
3.5
181 171 358 en
499
4.33333
en
144
-10
142 229 286 en
583
6
en
286
3.5
398 en
398
4.83333
158 463 en
463
1.33333
244 548 en
548
9.5
385 100 en
192
-0.666667
292 en
294
-4
182 269 en
108
-5.33333
25 95 186 260 453 en
453
-0.666667
509 294 en
509
1
300 en
94
7
169 65 en
169
-6
en
136
1
315 451 en
451
0
41 en
315
-6
234 43 390 en
288
3
249 200 en
495
1.5
en
309
-6.25
en
536
8.25
en
234
-12.1667
341 en
345
-9
107 294 137 en
112
-3.16667
en
285
0.166667
en
92
0.166667
50 249 287 390 en
390
-5.75
70 440 en
401
-12.8333
en
88
2
41 155 29 148 385 en
385
-1
345 227 en
155
2
56 109 en
82
-0.166667
70 546 en
546
-2.5
435 en
76
-4.66667
295 en
291
-4.5
153 en
409
-1.25
en
537
0.833333
577 en
577
-1
46 en
75
-4.25
125 274 24 53 138 en
274
-0.5
154 414 en
414
-1
282 en
424
-3.5
557 en
445
-11.1667
360 en
154
7
72 229 187 514 204 en
514
1.83333
421 543 432 en
543
-7
195 en
229
6.75
226 en
125
1.66667
131 290 312 480 70 en
480
5.25
278 en
312
-3.33333
77 en
542
-10
en
552
-1.91667
en
290
-1.91667
32 343 en
470
-7.25
en
68
2.33333
62 102 302 338 en
512
3.58333
en
338
-0.25
en
461
0.166667
102 146 en
43
5.33333
1 20 98 110 107 87 en
110
-14.9167
49 467 506 en
506
-11.8333
318 en
467
6
94 en
98
1.08333
166 20 301 55 en
166
3.66667
66 44 33 278 en
357
2.41667
249 en
121
2.66667
130 214 en
434
-8.5
en
507
1
en
160
-4.5
en
130
-10.6667
177 195 141 452 en
452
4.5
24 436 en
177
5
127 218 en
218
-6.66667
276 375 en
375
-0.166667
178 44 en
281
-1.66667
en
276
1
167 209 346 526 en
526
-12
260 en
346
2
238 en
343
-5
406 79 en
406
-4
133 315 430 en
362
1.66667
en
48
-0.833333
en
319
5.5
513 492 25 en
513
-12.1667
371 en
178
6.66667
52 160 171 369 en
141
1.66667
223 122 572 en
193
-3.16667
252 en
275
-9.25
303 234 en
56
-8
35 86 273 en
273
7
237 454 en
126
-0.333333
66 160 85 254 en
52
3.16667
78 394 500 en
394
-4.83333
106 58 en
46
0.5
71 76 236 239 426 en
426
-4.83333
241 en
66
-6
61 24 104 172 en
104
-4.16667
0 en
61
2.41667
47 40 60 en
41
4
37 57 90 27 en
57
-6.5
en
40
-10.9167
34 41 84 183 73 en
183
-11.0833
en
601
4.75
en
340
-1.33333
28 59 en
202
3.75
329 en
329
-10
60 478 en
478
-2.75
273 en
83
-15
21 122 378 167 en
613
-11.5
en
378
0.583333
147 379 69 en
379
0.333333
en
77
-3.5
138 en
138
-5.58333
en
38
6.16667
113 138 78 249 en
249
-5
en
287
4.5
en
422
-1
80 en
187
3
372 en
372
3.75
95 149 en
113
-4.5
29 111 152 191 227 213 404 433 448 en
448
-2.25
224 en
433
-3.25
40 320 en
404
-12.9167
255 537 en
227
-4.66667
233 en
224
-11.25
174 236 en
622
-8.41667
en
191
-5
159 35 302 266 474 144 en
474
-5.5
421 en
302
-0.666667
50 288 en
152
0.416667
en
584
-2.5
en
35
-8.5
20 80 44 351 459 en
459
-4
24 en
351
4
128 66 167 en
33
-1.33333
101 122 67 197 104 231 339 en
197
1
30 334 en
334
-7.83333
72 en
122
-11.25
57 123 194 en
194
-2.5
en
123
-5.33333
63 108 318 en
429
6.75
85 en
124
-4.5
254 458 en
458
-0.833333
317 en
209
-6
108 240 en
101
-0.333333
98 69 175 498 en
498
-9.08333
594 en
594
1.5
247 en
32
-1.66667
111 en
84
4
25 477 en
477
-8
192 544 en
544
0
34 en
29
1
417 554 en
554
-7
416 en
417
-4
251 en
119
-6.5
104 178 241 en
28
-2.5
58 108 231 299 532 en
532
7.5
182 en
299
-4.58333
81 399 en
399
-2.66667
30 199 en
231
-2
78 411 533 en
533
-5
259 0 en
411
3
162 en
313
-5.75
181 en
58
3.5
54 96 291 en
156
2
49 293 en
293
3
106 443 en
443
-5
433 en
491
5.5
189 en
80
10.1667
en
89
-3.75
341 430 en
430
-4
45 494 en
494
-0.75
346 en
341
-1.83333
391 92 en
391
-3.91667
172 599 en
599
0.833333
140 en
27
-7
en
462
-0.25
en
519
-0.583333
en
50
6
53 64 581 en
581
-7
339 en
468
-4.83333
586 en
586
-7.5
490 en
53
-4.33333
79 549 en
549
6.83333
339 en
425
10.3333
472 551 en
551
5
165 en
81
2.83333
107 83 565 en
565
-6
516 en
103
-8
165 76 199 en
165
-3.83333
107 101 149 330 542 en
330
2
350 126 en
350
-3
142 en
395
-1.33333
516 en
105
-4.5
258 590 en
590
-3.25
145 en
258
-4.66667
123 553 en
553
-3.58333
347 en
145
2.5
74 101 41 187 253 en
253
1.16667
70 257 en
107
-4.5
72 20 en
172
3.66667
488 en
488
4
379 410 en
79
-2
25 134 115 en
134
-5
en
325
-2.91667
313 en
85
-3.25
150 207 370 568 en
568
0.5
437 en
370
-1.66667
125 485 en
207
0.333333
92 245 en
245
-0.583333
336 142 593 en
593
-5.16667
385 314 en
336
-5
47 373 en
373
2.66667
95 en
230
1.66667
75 en
321
1
en
205
5.66667
en
300
1.75
en
518
-5
en
419
0.333333
en
497
-3.5
en
485
-5.25
en
355
-4.33333
en
150
6
66 51 en
256
0
242 457 en
457
2.25
121 280 479 585 en
585
-5.5
365 en
47
-4
45 24 62 365 en
365
-6.66667
174 en
180
-2.5
en
297
-13.0833
349 en
349
3.25
280 623 en
623
-1.5
421 en
62
7
112 226 38 550 en
550
-1.33333
349 en
226
-2
184 21 125 294 490 en
490
-7.91667
383 560 en
560
2.66667
469 en
184
-2
157 en
157
-2
56 150 210 en
31
-9
196 en
167
-9.08333
25 en
117
2
259 251 en
259
6.5
92 en
74
-4.83333
64 168 61 566 en
566
-0.666667
en
168
5.58333
150 269 en
173
6.83333
en
91
3
115 183 236 359 en
528
-15.8333
en
540
4.5
en
236
1.5
21 117 en
185
4
177 201 228 535 en
535
0.25
336 606 en
606
1
60 en
333
-1
en
500
2.16667
en
238
-11
76 50 341 en
115
6.33333
39 88 33 46 479 548 en
479
-6.16667
122 en
24
-1.66667
159 296 en
296
3
0 325 en
159
-6.5
191 38 en
247
-0.833333
173 388 en
441
-6.66667
610 en
610
7
268 en
388
1.08333
200 en
143
1.91667
23 295 en
442
2
534 en
562
-8
en
45
-0.166667
20 55 222 en
222
-3
en
114
-2.5
233 en
237
2.41667
520 en
520
-0.833333
63 en
54
-4.16667
55 164 115 en
55
0
46 380 en
380
-5
78 576 en
576
-6
176 en
78
1.5
170 25 396 244 en
396
-12.0833
0 155 en
359
0.916667
en
170
-0.166667
260 450 218 en
450
-2.5
284 en
361
-1
140 en
284
3.5
103 en
260
6
147 279 382 en
382
5.58333
475 en
475
-0.833333
304 136 en
279
-2
521 en
521
-13.3333
264 en
264
3
en
22
0.25
3 62 393 473 46 en
473
2.58333
334 596 en
596
5.16667
315 en
423
6.33333
625 en
625
-16.5
587 en
587
-1.25
120 en
393
0.666667
en
174
0.333333
220 232 254 en
412
2.33333
350 en
277
8.5
en
254
-2.66667
49 208 en
232
-3.66667
29 en
304
4.66667
561 en
561
-0.333333
174 en
251
-1.16667
381 en
392
-7.5
en
486
-1
en
381
-5.33333
en
308
-5.5
572 246 en
572
6
386 en
505
-0.5
en
571
-3.66667
259 en
220
-2.5
142 193 316 en
49
-1.33333
45 268 322 408 172 185 en
408
-3.25
306 79 315 en
322
-4
139 299 359 en
268
-4.5
299 en
139
-9.41667
93 164 en
164
1.75
115 436 567 223 en
567
-3.33333
511 en
511
-3
269 en
436
1
192 en
269
0.333333
153 291 en
389
-2.33333
579 en
579
-2.33333
373 en
132
-7.58333
127 235 46 282 en
282
-12.0833
259 248 en
235
-6
70 en
93
9.66667
29 36 219 en
147
-6.75
200 211 213 184 354 en
354
-3
120 431 en
431
8
348 en
435
-0.666667
162 257 en
211
-1
172 405 en
405
-14.6667
151 208 en
200
-5.66667
108 523 569 en
569
1.25
541 en
523
0
400 en
44
-4.5
32 51 80 241 28 en
241
-1.33333
57 421 en
421
-7.5
143 en
51
-4.58333
206 570 en
570
-2.5
72 en
206
-2.66667
130 en
72
-13.5
70 142 en
369
-2.75
en
516
4
en
179
-5.41667
171 97 en
90
6.25
140 en
140
5.33333
337 482 en
482
5.08333
171 en
337
1.83333
139 449 588 en
588
-3.5
152 en
449
0.25
320 406 en
37
2
80 194 290 en
195
4.5
171 en
289
1.5
189 en
208
-2.33333
en
469
1.58333
359 234 en
86
-5.08333
95 261 en
95
4.16667
23 63 en
63
6.33333
100 454 en
454
-4.83333
343 en
531
-3.58333
385 en
100
5
29 539 en
539
2
220 en
42
6.58333
71 33 en
508
-7
517 en
59
-8.25
128 444 605 en
605
-6.25
496 480 en
496
0.416667
198 en
444
-1.91667
318 48 254 en
111
-2.5
116 155 162 45 en
162
0.0833333
225 en
239
1.5
125 455 en
456
13
406 en
225
-6
620 en
620
0.416667
39 en
120
2.5
103 137 44 en
137
-0.833333
86 211 386 en
386
3.5
277 351 416 en
118
4.75
618 en
116
-2.5
172 614 en
614
2.5
20 en
534
5.25
en
21
-8.16667
23 60 73 133 127 en
133
4.16667
en
283
-2
25 397 en
397
-6.5
168 en
73
0
44 72 45 en
60
-4
42 75 143 247 286 240 299 207 73 en
149
-6.75
87 135 111 en
25
-2.75
22 30 151 176 273 193 en
176
1.5
158 en
151
-2.5
20 252 en
252
-8.58333
384 en
538
-3.83333
en
589
-4
en
30
1
35 358 292 512 en
487
3.33333
591 en
612
11.0833
en
591
1.66667
164 en
39
2.08333
69 66 93 114 152 250 270 320 301 en
320
2
64 466 en
356
1
200 en
547
1
en
437
-2
225 en
270
12
84 197 502 en
502
4.83333
107 en
250
-0.25
117 53 en
96
-2
en
69
1.16667
29 en
64
-8.58333
67 en
201
2
255 en
515
6.16667
en
376
-4.58333
154 446 108 en
446
6.25
149 en
255
-2
85 351 256 427 en
427
6
341 111 en
261
0
83 318 168 en
67
-2.33333
en
262
-3.66667
en
524
4
en
374
2
196 en
106
8.16667
27 74 65 317 353 513 en
317
-2.08333
en
213
-9.41667
135 527 en
527
-13.75
423 226 en
97
-0.333333
en
307
-16.75
68 56 en
556
-4.33333
578 en
578
-7.66667
193 en
129
7.5
120 311 en
311
-3.16667
78 318 en
298
1.33333
366 en
366
6.75
en
71
-3.5
131 133 181 37 416 55 555 en
555
-12.3333
25 106 en
416
4.83333
189 205 en
181
-9
60 en
163
2.33333
188 204 en
323
3.5
305 402 en
503
6.5
210 en
402
-2
147 34 501 en
501
1.5
en
305
-2.66667
162 en
188
-3.25
en
131
0.583333
96 95 492 en
492
6
280 en
280
9.91667
468 en
26
-3.5
447 en
447
-2.33333
374 476 545 en
545
-7.66667
263 en
476
-3
en
316
1.58333
43 en
615
0.25
en
377
-6.41667
449 en
383
-0.916667
en
420
-10.8333
296 75 en
318
1.33333
en
199
-8
387 267 en
413
-9
38 en
387
-2.33333
337 en
332
3.33333
en
306
3
573 en
573
7.25
380 en
198
-9.66667
242 en
600
-3.75
en
438
4.83333
en
242
0
en
221
0.666667
126 246 493 130 en
493
-8.25
150 604 en
604
-2
279 en
246
-2.5
195 327 231 en
327
4.16667
525 en
525
3
85 en
65
-0.833333
70 46 82 202 325 522 en
522
-5.66667
496 en
148
7.75
127 153 607 en
607
1.5
52 en
153
-10.9167
557 en
557
-8.83333
243 en
292
-9.83333
en
203
-2.83333
621 en
621
7.41667
314 en
314
-11.6667
323 en
70
-5.66667
50 102 29 295 180 en
295
7.08333
91 324 en
324
4
en
102
2.66667
220 en
23
-1.58333
34 0 223 32 en
223
-4.33333
62 91 603 en
603
-3.66667
407 en
407
1.83333
112 en
266
-9
110 en
127
4.58333
3 367 en
367
-10.6667
319 28 en
272
0.166667
127 326 en
326
-2.91667
252 395 en
210
-11.0833
129 en
233
2.33333
156 en
558
9
en
87
-2
en
265
2
en
455
2.5
255 en
347
3.58333
478 en
36
-5.41667
86 157 37 310 439 en
439
1.66667
595 en
595
0
335 en
335
-9.75
403 en
440
8
en
403
-2
33 en
358
4
280 385 en
310
-4.66667
99 en
597
-6
en
99
6.33333
92 en
34
0.333333
36 62 78 28 en
20
3.41667
339 476 en
109
-4.16667
97 63 559 575 271 285 en
575
-7.75
348 609 en
559
-0.75
en
EHL
4
0
3 21 128 240 460 613 en
5
0
1 2 108 449 en
6
0
1 40 65 135 217 178 261 en
7
0
1 23 33 76 82 214 339 en
8
0
22 190 278 en
9
0
2 24 471 en
10
0
2 3 248 112 328 135 291 411 582 en
11
0
1 24 45 54 510 624 en
12
0
2 212 en
13
0
2 20 38 42 101 37 142 215 en
14
0
1 161 55 27 322 en
15
0
2 3 35 68 92 94 103 256 202 en
16
0
24 602 en
17
0
88 90 170 368 499 en
18
0
21 32 25 54 en
19
0
3 112 en
EIL
0
0
en
1
0
en
2
0
en
3
0
en
EOL
624
-10
189 en
602
-2.5
469 en
582
1.25
572 en
510
7.25
198 en
471
-8.66667
372 en
460
-0.666667
343 en
384
-7.08333
en
368
-2.33333
152 en
363
-2.33333
239 en
339
1.33333
152 417 en
328
-9.66667
271 529 580 en
580
-2.5
445 en
529
3.25
619 en
619
-6.91667
338 en
248
-8.75
en
617
-5.66667
en
609
0.416667
0 en
240
2.66667
108 271 363 564 534 en
564
3.5
154 en
271
1
199 63 454 en
217
-9
140 280 en
263
4.41667
124 279 en
215
1
en
410
-4.83333
en
541
-1.33333
en
418
2
101 en
214
-6.66667
163 en
301
-6.33333
616 en
616
-2.5
103 en
212
-4.5
51 60 en
204
2.91667
400 en
400
-2
64 en
190
0.916667
186 257 en
257
1.66667
364 en
530
-0.833333
en
574
1
en
364
-2
371 40 en
371
-10
114 618 en
618
7
339 en
189
1.5
32 331 en
331
-3.33333
117 563 en
563
1.75
200 en
186
-0.25
466 187 en
466
-4.33333
79 en
182
0
243 244 198 en
244
-8
98 344 238 598 en
598
1
153 en
344
-1.33333
298 en
243
2.5
31 0 294 432 en
432
-15.5
465 489 en
489
2.5
290 en
465
-3.66667
en
504
0.583333
517 en
517
-1.66667
en
161
5
175 216 59 en
216
0.166667
36 147 222 en
175
0
422 en
484
-5
464 en
464
-11.25
279 en
158
-8.75
en
303
-8.91667
en
228
-0.666667
342 en
342
-4.83333
352 en
352
-1
257 114 428 en
428
-6
213 en
196
2.83333
256 187 345 en
348
4.08333
180 360 60 en
360
-1.58333
55 en
171
-4
472 en
472
-5.41667
366 592 en
592
-1.41667
26 en
608
2.66667
611 en
611
-8.5
350 626 en
626
-4.33333
525 en
142
0.333333
en
267
-3.33333
481 en
481
-0.666667
154 en
353
0
171 en
135
-3
278 en
278
5.41667
169 170 55 en
146
-2.33333
en
219
-2.5
63 483 en
483
-18.4167
37 369 534 en
128
-2.41667
111 21 30 415 en
415
2.5
181 171 358 en
499
4.33333
en
144
-4.5
142 229 286 en
583
1.58333
en
286
4.5
398 en
398
4.83333
158 463 en
463
5.33333
244 548 en
548
4.5
385 100 en
192
-0.666667
292 en
294
-17
182 269 en
108
-4.33333
25 95 186 260 453 en
453
-3.66667
509 294 en
509
1
300 en
94
-1.16667
169 65 en
169
-6
en
136
4.5
315 451 en
451
0
41 en
315
-6
234 43 390 en
288
5
249 200 en
495
-1
en
309
-6.25
en
536
7
en
234
-11.1667
341 en
345
-9.5
107 294 137 en
112
-3.16667
en
285
-0.833333
en
92
1.16667
50 249 287 390 en
390
-1.75
70 440 en
401
-12.8333
en
88
2
41 155 29 148 385 en
385
-0.666667
345 227 en
155
2
56 109 en
82
-0.166667
70 546 en
546
-0.5
435 en
76
-5.66667
295 en
291
-4
153 en
409
-1.25
en
537
0.333333
577 en
577
-1.5
46 en
75
-3
125 274 24 53 138 en
274
-2.5
154 414 en
414
0
282 en
424
-5.5
557 en
445
-11.1667
360 en
154
8
72 229 187 514 204 en
514
3.08333
421 543 432 en
543
-2
195 en
229
6.75
226 en
125
1.66667
131 290 312 480 70 en
480
1.25
278 en
312
-2.33333
77 en
542
-11.25
en
552
-1.91667
en
290
-2.91667
32 343 en
470
-6.25
en
68
8
62 102 302 338 en
512
1.58333
en
338
0
en
461
-0.833333
102 146 en
43
5
1 20 98 110 107 87 en
110
-14.9167
49 467 506 en
506
-11.0833
318 en
467
2
94 en
98
1.08333
166 20 301 55 en
166
3.33333
66 44 33 278 en
357
2.41667
249 en
121
1.33333
130 214 en
434
-8.5
en
507
2
en
160
-2
en
130
-10.4167
177 195 141 452 en
452
4.5
24 436 en
177
3.5
127 218 en
218
-9.16667
276 375 en
375
-1.33333
178 44 en
281
-1.66667
en
276
6
167 209 346 526 en
526
-12
260 en
346
2.75
238 en
343
1.66667
406 79 en
406
-3.33333
133 315 430 en
362
1.66667
en
48
-0.833333
en
319
4.5
513 492 25 en
513
-12.1667
371 en
178
5.33333
52 160 171 369 en
141
1.91667
223 122 572 en
193
-1.66667
252 en
275
1.5
303 234 en
56
-7
35 86 273 en
273
5
237 454 en
126
0.666667
66 160 85 254 en
52
3.16667
78 394 500 en
394
-5.33333
106 58 en
46
-1.5
71 76 236 239 426 en
426
-2.5
241 en
66
-6
61 24 104 172 en
104
-4.16667
0 en
61
0.833333
47 40 60 en
41
4.5
37 57 90 27 en
57
-6.5
en
40
-11.75
34 41 84 183 73 en
183
8.25
en
601
7
en
340
0.5
28 59 en
202
4.5
329 en
329
7.66667
60 478 en
478
-3.25
273 en
83
-11
21 122 378 167 en
613
-11.5
en
378
0.333333
147 379 69 en
379
0.333333
en
77
-4.16667
138 en
138
-5.25
en
38
6.16667
113 138 78 249 en
249
-5
en
287
4.5
en
422
-4
80 en
187
1.83333
372 en
372
5
95 149 en
113
-4.5
29 111 152 191 227 213 404 433 448 en
448
0.666667
224 en
433
-2.25
40 320 en
404
-12.9167
255 537 en
227
-4.66667
233 en
224
-19.25
174 236 en
622
-8.41667
en
191
-0.833333
159 35 302 266 474 144 en
474
-5.5
421 en
302
-1.66667
50 288 en
152
-0.583333
en
584
-2.5
en
35
-8.5
20 80 44 351 459 en
459
-5
24 en
351
4
128 66 167 en
33
-1.16667
101 122 67 197 104 231 339 en
197
0
30 334 en
334
-5.33333
72 en
122
-9.91667
57 123 194 en
194
3
en
123
-5.33333
63 108 318 en
429
8.75
85 en
124
-4.5
254 458 en
458
-1.5
317 en
209
-2
108 240 en
101
-1.5
98 69 175 498 en
498
-9.08333
594 en
594
-0.5
247 en
32
-1.66667
111 en
84
4
25 477 en
477
-8
192 544 en
544
-7.25
34 en
29
-1
417 554 en
554
-3
416 en
417
-0.333333
251 en
119
-2.5
104 178 241 en
28
2
58 108 231 299 532 en
532
7.5
182 en
299
-2.25
81 399 en
399
-5.83333
30 199 en
231
1
78 411 533 en
533
-3.91667
259 0 en
411
1
162 en
313
-5.25
181 en
58
3.25
54 96 291 en
156
2
49 293 en
293
2
106 443 en
443
-3
433 en
491
5
189 en
80
17.1667
en
89
-4.5
341 430 en
430
-2
45 494 en
494
-0.75
346 en
341
-0.333333
391 92 en
391
-2.25
172 599 en
599
0.5
140 en
27
-6
en
462
0
en
519
-0.333333
en
50
-0.833333
53 64 581 en
581
-2.66667
339 en
468
-2
586 en
586
-7.5
490 en
53
-0.333333
79 549 en
549
6.33333
339 en
425
-0.0833333
472 551 en
551
1
165 en
81
6
107 83 565 en
565
-4
516 en
103
-6.66667
165 76 199 en
165
-3.33333
107 101 149 330 542 en
330
2
350 126 en
350
-3
142 en
395
-1.33333
516 en
105
2
258 590 en
590
-3.5
145 en
258
-3.66667
123 553 en
553
-3.58333
347 en
145
-4.25
74 101 41 187 253 en
253
1.16667
70 257 en
107
1
72 20 en
172
4
488 en
488
5
379 410 en
79
-2
25 134 115 en
134
-4.58333
en
325
-2.66667
313 en
85
-4.75
150 207 370 568 en
568
4.16667
437 en
370
-0.5
125 485 en
207
-2.66667
92 245 en
245
-0.583333
336 142 593 en
593
-6.16667
385 314 en
336
-6
47 373 en
373
2.66667
95 en
230
-16
75 en
321
1
en
205
3.16667
en
300
5
en
518
3.25
en
419
1.16667
en
497
-3.5
en
485
-3.25
en
355
-4.5
en
150
6
66 51 en
256
-4
242 457 en
457
2.25
121 280 479 585 en
585
-6.16667
365 en
47
1
45 24 62 365 en
365
-6
174 en
180
-2
en
297
-13.0833
349 en
349
2
280 623 en
623
-7.16667
421 en
62
7
112 226 38 550 en
550
-1.33333
349 en
226
-1.75
184 21 125 294 490 en
490
-10.6667
383 560 en
560
2.66667
469 en
184
-2
157 en
157
-2
56 150 210 en
31
-9
196 en
167
-6.25
25 en
117
6
259 251 en
259
6.75
92 en
74
-4.83333
64 168 61 67 566 en
566
0.0833333
en
168
5.83333
150 269 en
173
7.08333
en
91
-6.25
115 183 236 359 en
528
-15.8333
en
540
3.5
en
236
1.5
21 117 en
185
4
177 201 228 535 en
535
0
336 606 en
606
-0.666667
60 en
333
0
en
500
1.16667
en
238
7
76 50 341 en
115
6
39 88 33 46 479 548 en
479
-4.83333
122 en
24
-7.75
159 296 en
296
7.75
0 325 en
159
-6.5
191 38 en
247
-1.33333
173 388 en
441
-9.58333
610 en
610
7
268 en
388
3.08333
200 en
143
-2.08333
23 295 en
442
1
534 en
562
1.66667
en
45
-0.166667
20 55 222 en
222
-3
en
114
-4
233 en
237
1.75
520 en
520
-0.833333
63 en
54
-4.16667
55 164 115 en
55
4.5
46 380 en
380
-5
78 576 en
576
-6
176 en
78
1.5
170 25 396 244 en
396
-12.0833
0 155 en
359
1.25
en
170
-0.666667
260 450 218 en
450
-1.5
284 en
361
-1
140 en
284
0
103 en
260
6
147 279 382 en
382
5.58333
475 en
475
-0.833333
304 136 en
279
-4.5
521 en
521
-13.3333
264 en
264
2.75
en
22
0.25
3 62 393 473 46 en
473
2.58333
334 596 en
596
4.16667
315 en
423
6.66667
625 en
625
-11.5
587 en
587
-1.75
120 en
393
0.666667
en
174
0.333333
220 232 254 en
412
2.33333
350 en
277
8.5
en
254
-2
49 208 en
232
-5.66667
29 en
304
4
561 en
561
-1
174 en
251
-1.16667
381 en
392
-7.5
en
486
3
en
381
-5.33333
en
308
-5.5
572 246 en
572
-9.91667
386 en
505
-0.5
en
571
-3
259 en
220
-2.5
142 193 316 en
49
-1.33333
45 268 322 408 172 185 en
408
-4.75
306 79 315 en
322
-3
139 299 359 en
268
-6.41667
299 en
139
-10.1667
93 164 en
164
1.75
115 436 567 223 en
567
3.5
511 en
511
-3
269 en
436
0.666667
192 en
269
0.333333
153 291 en
389
-4.5
579 en
579
1.66667
373 en
132
-2.58333
127 235 46 282 en
282
-8.75
259 248 en
235
-4.66667
70 en
93
9.66667
29 36 219 en
147
4.5
200 211 213 184 354 en
354
-3
120 431 en
431
2.5
348 en
435
-0.666667
162 257 en
211
-1
172 405 en
405
-15.6667
151 208 en
200
-5.66667
108 523 569 en
569
2.5
541 en
523
-3
400 en
44
-2.5
32 51 80 241 28 en
241
12.5
57 421 en
421
0.333333
143 en
51
-4.58333
206 570 en
570
7
72 en
206
1.75
130 en
72
-17.75
70 142 en
369
-1.75
en
516
4
en
179
-5.75
171 97 en
90
6.25
140 en
140
4.58333
337 482 en
482
5.08333
171 en
337
1.83333
139 449 588 en
588
-3.5
152 en
449
0.25
320 406 en
37
-3
80 194 290 en
195
3.5
171 en
289
-1.5
189 en
208
-6.41667
en
469
0.833333
359 234 en
86
-4.08333
95 261 en
95
2.83333
23 63 en
63
6.33333
100 454 en
454
-8.83333
343 en
531
-1.08333
385 en
100
5
29 539 en
539
2
220 en
42
5.58333
71 33 en
508
-7
517 en
59
-8.25
128 444 605 en
605
-6.25
496 480 en
496
2.41667
198 en
444
-1.41667
318 48 254 en
111
-0.5
116 155 162 45 en
162
-1.41667
225 en
239
1.5
125 455 en
456
11.6667
406 en
225
-6.33333
620 en
620
0.416667
39 en
120
4.75
103 137 44 en
137
-1.66667
86 211 386 en
386
3.5
277 351 416 en
118
4
618 en
116
0
172 614 en
614
2.5
20 en
534
8.5
en
21
-7.16667
23 60 73 133 127 en
133
4.16667
en
283
-2
25 397 en
397
-6.5
168 en
73
0
44 72 45 en
60
1
42 75 143 247 286 240 299 207 73 en
149
-6.75
87 135 111 en
25
-2.75
22 30 151 176 273 193 en
176
2
158 en
151
-2.5
20 252 en
252
-8.58333
384 en
538
-3.83333
en
589
-5
en
30
1
35 358 292 512 en
487
3.33333
591 en
612
10.9167
en
591
2.16667
164 en
39
2.08333
69 66 93 114 152 250 270 320 301 en
320
3.5
64 466 en
356
-8.16667
200 en
547
-3.75
en
437
-2
225 en
270
9
84 197 502 en
502
4.83333
107 en
250
-0.25
117 53 en
96
-3
en
69
1.16667
29 en
64
-8.58333
67 en
201
-0.5
255 en
515
6.16667
en
376
-3.33333
154 446 108 en
446
6.25
149 en
255
-0.5
85 351 256 427 en
427
1.58333
341 111 en
261
-1
83 318 168 en
67
-2.08333
en
262
-4.33333
en
524
4
en
374
-1
196 en
106
8.16667
27 74 65 317 353 513 en
317
-3.5
en
213
-9.41667
135 527 en
527
-13.75
423 226 en
97
-0.333333
en
307
-17.75
68 56 en
556
-4.83333
578 en
578
-7.66667
193 en
129
8
120 311 en
311
-2.16667
78 318 en
298
0.833333
366 en
366
6.75
en
71
-2.5
131 133 181 37 416 55 555 en
555
-12.3333
25 106 en
416
1.33333
189 205 en
181
-9
60 en
163
2.33333
188 204 en
323
3.5
305 402 en
503
6.5
210 en
402
4
147 34 501 en
501
-2.66667
en
305
-2.66667
162 en
188
-3.25
en
131
-3.41667
96 95 492 en
492
6
280 en
280
11.1667
468 en
26
-4.5
447 en
447
-2.33333
374 476 545 en
545
-7.66667
263 en
476
-6.33333
en
316
3.25
43 en
615
0.25
en
377
-6.41667
449 en
383
-0.666667
en
420
-10.8333
296 75 en
318
1.33333
en
199
-7.5
387 267 en
413
-9
38 en
387
0
337 en
332
3.33333
en
306
3
573 en
573
5.41667
380 en
198
-9.91667
242 en
600
-3.75
en
438
6.33333
en
242
0
en
221
-2.33333
126 246 493 130 en
493
-5.75
150 604 en
604
-2
279 en
246
-2.5
195 327 231 en
327
3.5
525 en
525
3
85 en
65
-0.833333
70 46 82 202 325 522 en
522
-5.66667
496 en
148
7.75
127 153 607 en
607
1.5
52 en
153
-10.9167
557 en
557
-8.83333
243 en
292
-9.83333
en
203
-2.5
621 en
621
5.41667
314 en
314
-11.6667
323 en
70
-6
50 102 29 295 180 en
295
7.08333
91 324 en
324
-3.5
en
102
2.66667
220 en
23
1.91667
34 0 223 32 en
223
-4.33333
62 91 603 en
603
-2
407 en
407
1.83333
112 en
266
-8
110 en
127
4.58333
3 367 en
367
-10.6667
319 28 en
272
0.166667
127 326 en
326
-2.91667
252 395 en
210
-11.0833
129 en
233
1
156 en
558
9
en
87
-2
en
265
-4
en
455
1.5
255 en
347
3.58333
478 en
36
-5.16667
86 157 37 310 439 en
439
-5
595 en
595
0
335 en
335
-6.25
403 en
440
9.33333
en
403
-1.5
33 en
358
4
280 385 en
310
-3.66667
99 en
597
4
en
99
5
92 en
34
0
36 62 78 28 en
20
3.75
339 476 en
109
-4.16667
97 63 559 575 271 285 en
575
-7.75
348 609 en
559
-2.75
en
EHL
4
0
3 21 128 240 460 613 en
5
0
1 2 108 449 en
6
0
1 40 65 135 217 178 261 en
7
0
1 23 33 76 82 214 339 en
8
0
22 190 278 en
9
0
2 24 471 en
10
0
2 3 248 112 328 135 291 411 582 en
11
0
1 24 45 54 510 624 en
12
0
2 212 en
13
0
2 20 38 42 101 37 142 215 en
14
0
1 161 55 27 322 en
15
0
2 3 35 68 92 94 103 256 202 en
16
0
24 602 en
17
0
88 90 170 368 499 en
18
0
21 32 25 54 en
19
0
3 112 en
EIL
0
0
en
1
0
en
2
0
en
3
0
en
EOL
624
-3
189 en
602
-2.5
469 en
582
1.25
572 en
510
4.25
198 en
471
4
372 en
460
-1.41667
343 en
384
-7.08333
en
368
-1
152 en
363
-2.33333
239 en
339
1
152 417 en
328
-9.66667
271 529 580 en
580
-5
445 en
529
9.58333
619 en
619
2
338 en
248
-9.41667
en
617
-4.91667
en
609
1.66667
0 en
240
3.66667
108 271 363 564 534 en
564
4.08333
154 en
271
-2
199 63 454 en
217
2.66667
140 280 en
263
5.41667
124 279 en
215
1
en
410
-3.5
en
541
0.666667
en
418
2
101 en
214
-6.66667
163 en
301
-6.33333
616 en
616
-4.33333
103 en
212
-4.5
51 60 en
204
2.91667
400 en
400
-2
64 en
190
0.916667
186 257 en
257
1.66667
364 en
530
0.166667
en
574
2
en
364
-2
371 40 en
371
-10
114 618 en
618
7
339 en
189
-2.5
32 331 en
331
-3.33333
117 563 en
563
-3.25
200 en
186
0.75
466 187 en
466
-3.83333
79 en
182
-1.33333
243 244 198 en
244
-8
98 344 238 598 en
598
2
153 en
344
-1.33333
298 en
243
-0.75
31 0 294 432 en
432
-15.5
465 489 en
489
2.5
290 en
465
-3.66667
en
504
0.583333
517 en
517
-1.41667
en
161
5
175 216 59 en
216
0.166667
36 147 222 en
175
0
422 en
484
-2.5
464 en
464
-12.5833
279 en
158
-8.75
en
303
-13.9167
en
228
-5.66667
342 en
342
-4.83333
352 en
352
-1.33333
257 114 428 en
428
-14
213 en
196
2.83333
256 187 345 en
348
4.08333
180 360 60 en
360
-1.58333
55 en
171
-3
472 en
472
-4.66667
366 592 en
592
-3.41667
26 en
608
2
611 en
611
-8.5
350 626 en
626
3.5
525 en
142
0.333333
en
267
-5.83333
481 en
481
-7
154 en
353
0
171 en
135
-2.83333
278 en
278
5.41667
169 170 55 en
146
-2.33333
en
219
-0.5
63 483 en
483
-0.916667
37 369 534 en
128
-1.41667
111 21 30 415 en
415
-7
181 171 358 en
499
4.33333
en
144
-10
142 229 286 en
583
6
en
286
3.5
398 en
398
4.83333
158 463 en
463
1.33333
244 548 en
548
9.5
385 100 en
192
-0.666667
292 en
294
-4
182 269 en
108
-5.33333
25 95 186 260 453 en
453
-0.666667
509 294 en
509
1
300 en
94
7
169 65 en
169
-6
en
136
1
315 451 en
451
0
41 en
315
-6
234 43 390 en
288
3
249 200 en
495
-2.66667
en
309
-6.25
en
536
8.25
en
234
-12.1667
341 en
345
-9
107 294 137 en
112
-3.16667
en
285
0.166667
en
92
0.166667
50 249 287 390 en
390
-5.75
70 440 en
401
-12.8333
en
88
2
41 155 29 148 385 en
385
-1.75
345 227 en
155
3.33333
56 109 en
82
-0.166667
70 546 en
546
-2.5
435 en
76
-4.66667
295 en
291
-5.75
153 en
409
-1.25
en
537
0.833333
577 en
577
-1
46 en
75
-4.25
125 274 24 53 138 en
274
-0.5
154 414 en
414
-1
282 en
424
-2
557 en
445
-11.1667
360 en
154
7
72 229 187 514 204 en
514
1.83333
421 543 432 en
543
-7
195 en
229
6.75
226 en
125
1.66667
131 290 312 480 70 en
480
5.25
278 en
312
-3.33333
77 en
542
-10
en
552
-1.91667
en
290
-1.91667
32 343 en
470
-7.25
en
68
2.33333
62 102 302 338 en
512
3.58333
en
338
-3.5
en
461
0.166667
102 146 en
43
5.33333
1 20 98 110 107 87 en
110
-14.9167
49 467 506 en
506
-11.8333
318 en
467
-3.33333
94 en
98
1.08333
166 20 301 55 en
166
3.66667
66 44 33 278 en
357
2.41667
249 en
121
2.66667
130 214 en
434
-8.5
en
507
1
en
160
-4.5
en
130
-10.6667
177 195 141 452 en
452
4.5
24 436 en
177
5
127 218 en
218
-6.66667
276 375 en
375
-0.166667
178 44 en
281
-1.66667
en
276
-0.666667
167 209 346 526 en
526
-12
260 en
346
2
238 en
343
-5
406 79 en
406
-4
133 315 430 en
362
1.66667
en
48
-0.833333
en
319
5.5
513 492 25 en
513
-12.1667
371 en
178
6.66667
52 160 171 369 en
141
1.66667
223 122 572 en
193
-3.16667
252 en
275
-9.25
303 234 en
56
-8
35 86 273 en
273
7
237 454 en
126
-0.333333
66 160 85 254 en
52
3.16667
78 394 500 en
394
-4.83333
106 58 en
46
0.5
71 76 236 239 426 en
426
-4.83333
241 en
66
-6
61 24 104 172 en
104
-4.16667
0 en
61
2.41667
47 40 60 en
41
4
37 57 90 27 en
57
-6.5
en
40
-10.9167
34 41 84 183 73 en
183
-3
en
601
4.75
en
340
-1.33333
28 59 en
202
1
329 en
329
-10
60 478 en
478
-2.75
273 en
83
-15
21 122 378 167 en
613
-11.5
en
378
0.583333
147 379 69 en
379
-1
en
77
-3.5
138 en
138
-5.58333
en
38
6.16667
113 138 78 249 en
249
-5
en
287
4.5
en
422
-1
80 en
187
3
372 en
372
3.75
95 149 en
113
-4.5
29 111 152 191 227 213 404 433 448 en
448
-2.25
224 en
433
-1.5
40 320 en
404
-12.9167
255 537 en
227
-4.66667
233 en
224
-11.25
174 236 en
622
-8.08333
en
191
-5
159 35 302 266 474 144 en
474
-5.5
421 en
302
-1.91667
50 288 en
152
0.416667
en
584
-2.5
en
35
-8.5
20 80 44 351 459 en
459
-4
24 en
351
4
128 66 167 en
33
-1.33333
101 122 67 197 104 231 339 en
197
1
30 334 en
334
-7.83333
72 en
122
-3
57 123 194 en
194
-2.5
en
123
-5.33333
63 108 318 en
429
6.75
85 en
124
-4.5
254 458 en
458
-0.833333
317 en
209
-6
108 240 en
101
-0.333333
98 69 175 498 en
498
-9.08333
594 en
594
1.5
247 en
32
-1.66667
111 en
84
4
25 477 en
477
-8
192 544 en
544
0
34 en
29
1
417 554 en
554
-7
416 en
417
-4
251 en
119
-6.5
104 178 241 en
28
-2.5
58 108 231 299 532 en
532
7.5
182 en
299
-4.58333
81 399 en
399
-2.66667
30 199 en
231
-3.5
78 411 533 en
533
-5
259 0 en
411
3
162 en
313
-5.75
181 en
58
3.5
54 96 291 en
156
2
49 293 en
293
3
106 443 en
443
-4
433 en
491
5.5
189 en
80
10.1667
en
89
-3.75
341 430 en
430
-4
45 494 en
494
-0.75
346 en
341
-1.83333
391 92 en
391
-3.91667
172 599 en
599
0.833333
140 en
27
-7
en
462
-0.25
en
519
-0.583333
en
50
6
53 64 581 en
581
-7
339 en
468
-0.833333
586 en
586
-7.5
490 en
53
-4.33333
79 549 en
549
6.83333
339 en
425
10.3333
472 551 en
551
3
165 en
81
2.83333
107 83 565 en
565
-6
516 en
103
-8
165 76 199 en
165
-3.83333
107 101 149 330 542 en
330
2
350 126 en
350
-3
142 en
395
-1.33333
516 en
105
-4.5
258 590 en
590
-3.25
145 en
258
-4.66667
123 553 en
553
-3.58333
347 en
145
5
74 101 41 187 253 en
253
1.16667
70 257 en
107
-4.5
72 20 en
172
3.66667
488 en
488
4
379 410 en
79
-2
25 134 115 en
134
-5
en
325
-7
313 en
85
-8.25
150 207 370 568 en
568
0.5
437 en
370
-1.66667
125 485 en
207
0.333333
92 245 en
245
-0.583333
336 142 593 en
593
-5.16667
385 314 en
336
-5
47 373 en
373
2.66667
95 en
230
1.66667
75 en
321
1.66667
en
205
5.66667
en
300
1.75
en
518
-5
en
419
0.333333
en
497
-3.5
en
485
-5.25
en
355
-4.33333
en
150
6
66 51 en
256
0
242 457 en
457
2.25
121 280 479 585 en
585
-7.5
365 en
47
-4
45 24 62 365 en
365
-6.66667
174 en
180
-2.5
en
297
-13.0833
349 en
349
3.25
280 623 en
623
-1.5
421 en
62
7
112 226 38 550 en
550
-1.33333
349 en
226
-2
184 21 125 294 490 en
490
-7.91667
383 560 en
560
1.33333
469 en
184
-6
157 en
157
-2
56 150 210 en
31
-9
196 en
167
-9.08333
25 en
117
1.5
259 251 en
259
6.5
92 en
74
-4.83333
64 168 61 566 en
566
-0.666667
en
168
5.58333
150 269 en
173
6.83333
en
91
2.33333
115 183 236 359 en
528
-15.8333
en
540
4.5
en
236
1.5
21 117 en
185
4
177 201 228 535 en
535
0.25
336 606 en
606
1
60 en
333
-1
en
500
2.16667
en
238
-11
76 50 341 en
115
6.33333
39 88 33 46 479 548 en
479
-6.16667
122 en
24
-1.66667
159 296 en
296
3
0 325 en
159
-6.5
191 38 en
247
-0.5
173 388 en
441
-6.66667
610 en
610
7
268 en
388
1.08333
200 en
143
1.91667
23 295 en
442
2
534 en
562
-8
en
45
-0.166667
20 55 222 en
222
-3
en
114
-2.5
233 en
237
2.41667
520 en
520
-0.833333
63 en
54
-4.16667
55 164 115 en
55
0
46 380 en
380
-5
78 576 en
576
-6
176 en
78
1.5
170 25 396 244 en
396
-12.0833
0 155 en
359
0.916667
en
170
-0.166667
260 450 218 en
450
-2.5
284 en
361
-1
140 en
284
3.5
103 en
260
6.33333
147 279 382 en
382
5.58333
475 en
475
-0.833333
304 136 en
279
-2
521 en
521
-13.3333
264 en
264
3
en
22
0.25
3 62 393 473 46 en
473
2.58333
334 596 en
596
5.16667
315 en
423
6.33333
625 en
625
-16.5
587 en
587
-1.25
120 en
393
0.666667
en
174
-7
220 232 254 en
412
2.33333
350 en
277
8.5
en
254
-2.66667
49 208 en
232
-3.66667
29 en
304
4.66667
561 en
561
-0.333333
174 en
251
-1.16667
381 en
392
-7.5
en
486
-1
en
381
-5.58333
en
308
-5.5
572 246 en
572
6
386 en
505
-0.5
en
571
-2.91667
259 en
220
-2.5
142 193 316 en
49
-2.33333
45 268 322 408 172 185 en
408
-3.25
306 79 315 en
322
-4
139 299 359 en
268
-4.5
299 en
139
-9.41667
93 164 en
164
1.75
115 436 567 223 en
567
-3.33333
511 en
511
-3
269 en
436
1
192 en
269
0.333333
153 291 en
389
-2.33333
579 en
579
-2.33333
373 en
132
-7.58333
127 235 46 282 en
282
-12.0833
259 248 en
235
-6
70 en
93
9.66667
29 36 219 en
147
7
200 211 213 184 354 en
354
-3
120 431 en
431
8
348 en
435
0.333333
162 257 en
211
-1
172 405 en
405
-15.3333
151 208 en
200
-4.66667
108 523 569 en
569
1.25
541 en
523
0
400 en
44
-4.5
32 51 80 241 28 en
241
-1.33333
57 421 en
421
-7.5
143 en
51
-4.58333
206 570 en
570
-2.5
72 en
206
-2.66667
130 en
72
-13.5
70 142 en
369
-2.75
en
516
4
en
179
-5.41667
171 97 en
90
8.25
140 en
140
5.33333
337 482 en
482
5.08333
171 en
337
1.83333
139 449 588 en
588
-3.5
152 en
449
0.25
320 406 en
37
2
80 194 290 en
195
4.5
171 en
289
1.5
189 en
208
-2.33333
en
469
1.58333
359 234 en
86
-4.08333
95 261 en
95
2
23 63 en
63
6.33333
100 454 en
454
-4.83333
343 en
531
-3.58333
385 en
100
5
29 539 en
539
2
220 en
42
6.58333
71 33 en
508
-5.66667
517 en
59
-8.25
128 444 605 en
605
-6.25
496 480 en
496
0.416667
198 en
444
-1.91667
318 48 254 en
111
-2.5
116 155 162 45 en
162
0.0833333
225 en
239
1.5
125 455 en
456
13
406 en
225
-6
620 en
620
0.416667
39 en
120
0.666667
103 137 44 en
137
3.16667
86 211 386 en
386
2
277 351 416 en
118
4.75
618 en
116
-2.66667
172 614 en
614
2.5
20 en
534
5.25
en
21
-8.16667
23 60 73 133 127 en
133
4.16667
en
283
-2
25 397 en
397
-6.5
168 en
73
0
44 72 45 en
60
-4
42 75 143 247 286 240 299 207 73 en
149
-6.75
87 135 111 en
25
-2.75
22 30 151 176 273 193 en
176
1.5
158 en
151
-2.5
20 252 en
252
-8.58333
384 en
538
-3.83333
en
589
-4
en
30
1
35 358 292 512 en
487
0.833333
591 en
612
11.0833
en
591
1.66667
164 en
39
2.08333
69 66 93 114 152 250 270 320 301 en
320
2
64 466 en
356
1
200 en
547
1.5
en
437
-2
225 en
270
12
84 197 502 en
502
4.83333
107 en
250
-0.25
117 53 en
96
-2
en
69
3.16667
29 en
64
-8.58333
67 en
201
2
255 en
515
5.66667
en
376
-4.58333
154 446 108 en
446
6.25
149 en
255
-2
85 351 256 427 en
427
6
341 111 en
261
0
83 318 168 en
67
-2.33333
en
262
-3.66667
en
524
4
en
374
2
196 en
106
8.16667
27 74 65 317 353 513 en
317
-2.08333
en
213
-9.41667
135 527 en
527
-13.75
423 226 en
97
-0.333333
en
307
-5
68 56 en
556
-4.33333
578 en
578
-7
193 en
129
7.5
120 311 en
311
-3.16667
78 318 en
298
1.33333
366 en
366
6.75
en
71
-3.5
131 133 181 37 416 55 555 en
555
-12.3333
25 106 en
416
4.83333
189 205 en
181
-9
60 en
163
2.33333
188 204 en
323
4.16667
305 402 en
503
6.5
210 en
402
-2
147 34 501 en
501
1.5
en
305
-2.66667
162 en
188
-3.25
en
131
0.583333
96 95 492 en
492
6
280 en
280
9.91667
468 en
26
-3.5
447 en
447
-2.33333
374 476 545 en
545
-7.66667
263 en
476
-3
en
316
1.58333
43 en
615
0.25
en
377
-6.41667
449 en
383
-0.916667
en
420
-10.8333
296 75 en
318
1.33333
en
199
-8
387 267 en
413
-9
38 en
387
-2.33333
337 en
332
2
en
306
2
573 en
573
7.25
380 en
198
-9.66667
242 en
600
-4.5
en
438
4.83333
en
242
0
en
221
0.666667
126 246 493 130 en
493
-8.91667
150 604 en
604
-2
279 en
246
-2.5
195 327 231 en
327
4.16667
525 en
525
3
85 en
65
-0.833333
70 46 82 202 325 522 en
522
-5.66667
496 en
148
4.75
127 153 607 en
607
1.5
52 en
153
-10.9167
557 en
557
-8.83333
243 en
292
-9.83333
en
203
-2.83333
621 en
621
7.41667
314 en
314
-11.6667
323 en
70
-5.66667
50 102 29 295 180 en
295
7.08333
91 324 en
324
4
en
102
2.66667
220 en
23
-1.58333
34 0 223 32 en
223
-4.33333
62 91 603 en
603
-3.16667
407 en
407
1.83333
112 en
266
-9
110 en
127
4.58333
3 367 en
367
-11.1667
319 28 en
272
0.166667
127 326 en
326
-2.91667
252 395 en
210
-11.0833
129 en
233
2.33333
156 en
558
9
en
87
-2
en
265
2
en
455
2.5
255 en
347
3.58333
478 en
36
-5.41667
86 157 37 310 439 en
439
1.66667
595 en
595
0
335 en
335
-9.75
403 en
440
7
en
403
-2
33 en
358
4.5
280 385 en
310
-4.66667
99 en
597
-6
en
99
6.33333
92 en
34
0.333333
36 62 78 28 en
20
3.41667
339 476 en
109
-3.83333
97 63 559 575 271 285 en
575
5
348 609 en
559
-0.75
en
EHL
4
0
3 21 128 240 460 613 en
5
0
1 2 108 449 en
6
0
1 40 65 135 217 178 261 en
7
0
1 23 33 76 82 214 339 en
8
0
22 190 278 en
9
0
2 24 471 en
10
0
2 3 248 112 328 135 291 411 582 en
11
0
1 24 45 54 510 624 en
12
0
2 212 en
13
0
2 20 38 42 101 37 142 215 en
14
0
1 161 55 27 322 en
15
0
2 3 35 68 92 94 103 256 202 en
16
0
24 602 en
17
0
88 90 170 368 499 en
18
0
21 32 25 54 en
19
0
3 112 en
EIL
0
0
en
1
0
en
2
0
en
3
0
en
EOL
624
-3
189 en
602
-2.5
469 en
582
1.25
572 en
510
7.25
198 en
471
-8.66667
372 en
460
-0.666667
343 en
384
-7.08333
en
368
-2.33333
152 en
363
-2.33333
239 en
339
1.33333
152 417 en
328
-9.66667
271 529 580 en
580
-2.5
445 en
529
8.25
619 en
619
-6.91667
338 en
248
-8.75
en
617
-5.66667
en
609
1.66667
0 en
240
2.66667
108 271 363 564 534 en
564
3.5
154 en
271
1
199 63 454 en
217
0.666667
140 280 en
263
4.41667
124 279 en
215
1
en
410
-3.5
en
541
-1.33333
en
418
2
101 en
214
-6.66667
163 en
301
-6.33333
616 en
616
-2.5
103 en
212
-4.5
51 60 en
204
2.91667
400 en
400
-2
64 en
190
0.916667
186 257 en
257
1.66667
364 en
530
-0.833333
en
574
1
en
364
-2
371 40 en
371
-10
114 618 en
618
7
339 en
189
-2.5
32 331 en
331
-3.33333
117 563 en
563
1.75
200 en
186
-0.25
466 187 en
466
-4.33333
79 en
182
0
243 244 198 en
244
-8
98 344 238 598 en
598
1
153 en
344
-1.33333
298 en
243
2.5
31 0 294 432 en
432
-15.5
465 489 en
489
2.5
290 en
465
-3.66667
en
504
0.583333
517 en
517
-1.66667
en
161
5
175 216 59 en
216
0.166667
36 147 222 en
175
0
422 en
484
-4.16667
464 en
464
-11.25
279 en
158
-8.75
en
303
-8.91667
en
228
-0.666667
342 en
342
-4.83333
352 en
352
-1
257 114 428 en
428
-6
213 en
196
2.83333
256 187 345 en
348
4.08333
180 360 60 en
360
-1.58333
55 en
171
-4
472 en
472
-5.41667
366 592 en
592
-1.41667
26 en
608
2.66667
611 en
611
-8.5
350 626 en
626
-4.33333
525 en
142
0.333333
en
267
-3.33333
481 en
481
-6.58333
154 en
353
0
171 en
135
-3
278 en
278
5.41667
169 170 55 en
146
-2.33333
en
219
-2.5
63 483 en
483
-18.4167
37 369 534 en
128
-2.41667
111 21 30 415 en
415
2.5
181 171 358 en
499
4.33333
en
144
-4.5
142 229 286 en
583
1.58333
en
286
4.5
398 en
398
4.83333
158 463 en
463
5.33333
244 548 en
548
4.5
385 100 en
192
-0.666667
292 en
294
-17
182 269 en
108
-4.33333
25 95 186 260 453 en
453
-3.66667
509 294 en
509
1
300 en
94
-1.16667
169 65 en
169
-6
en
136
4.5
315 451 en
451
0
41 en
315
-6
234 43 390 en
288
5
249 200 en
495
-1
en
309
-6.25
en
536
7
en
234
-11.1667
341 en
345
-9.5
107 294 137 en
112
-3.16667
en
285
-0.833333
en
92
1.16667
50 249 287 390 en
390
-1.75
70 440 en
401
-12.8333
en
88
2
41 155 29 148 385 en
385
-1
345 227 en
155
2
56 109 en
82
-0.166667
70 546 en
546
-0.5
435 en
76
-5.66667
295 en
291
-4
153 en
409
-1.25
en
537
0.333333
577 en
577
-1.5
46 en
75
-3
125 274 24 53 138 en
274
-2.5
154 414 en
414
0
282 en
424
-5.5
557 en
445
-11.1667
360 en
154
8
72 229 187 514 204 en
514
3.08333
421 543 432 en
543
-2
195 en
229
6.75
226 en
125
1.66667
131 290 312 480 70 en
480
1.25
278 en
312
-3.33333
77 en
542
-11.25
en
552
-1.91667
en
290
-2.91667
32 343 en
470
-7.25
en
68
8
62 102 302 338 en
512
1.58333
en
338
0
en
461
-0.833333
102 146 en
43
5
1 20 98 110 107 87 en
110
-14.9167
49 467 506 en
506
-11.0833
318 en
467
2
94 en
98
1.08333
166 20 301 55 en
166
3.33333
66 44 33 278 en
357
2.41667
249 en
121
1.33333
130 214 en
434
-8.5
en
507
2
en
160
-2
en
130
-10.4167
177 195 141 452 en
452
4.5
24 436 en
177
3.5
127 218 en
218
-9.16667
276 375 en
375
-1.33333
178 44 en
281
-1.66667
en
276
6
167 209 346 526 en
526
-12
260 en
346
2.75
238 en
343
1.66667
406 79 en
406
-3.33333
133 315 430 en
362
1.66667
en
48
-0.833333
en
319
4.5
513 492 25 en
513
-12.1667
371 en
178
5.33333
52 160 171 369 en
141
1.91667
223 122 572 en
193
-1.66667
252 en
275
2.5
303 234 en
56
-8
35 86 273 en
273
5
237 454 en
126
0.666667
66 160 85 254 en
52
3.16667
78 394 500 en
394
-5.33333
106 58 en
46
-1.5
71 76 236 239 426 en
426
-2.5
241 en
66
-6
61 24 104 172 en
104
-4.16667
0 en
61
0.833333
47 40 60 en
41
4.5
37 57 90 27 en
57
-6.5
en
40
-11.75
34 41 84 183 73 en
183
8.25
en
601
7
en
340
-1.33333
28 59 en
202
4.5
329 en
329
7.66667
60 478 en
478
-3.25
273 en
83
-11
21 122 378 167 en
613
-11.5
en
378
0.333333
147 379 69 en
379
0.333333
en
77
-4.16667
138 en
138
-5.25
en
38
6.16667
113 138 78 249 en
249
-5
en
287
4.5
en
422
-4
80 en
187
1.83333
372 en
372
5
95 149 en
113
-4.5
29 111 152 191 227 213 404 433 448 en
448
0.666667
224 en
433
-2.25
40 320 en
404
-12.9167
255 537 en
227
-4.66667
233 en
224
-14.25
174 236 en
622
-8.41667
en
191
0.5
159 35 302 266 474 144 en
474
-5.5
421 en
302
-1.66667
50 288 en
152
-0.583333
en
584
-2.5
en
35
-8.5
20 80 44 351 459 en
459
-5
24 en
351
4
128 66 167 en
33
-1.16667
101 122 67 197 104 231 339 en
197
0
30 334 en
334
-5.33333
72 en
122
-9.91667
57 123 194 en
194
3
en
123
-5.33333
63 108 318 en
429
8.75
85 en
124
-4.5
254 458 en
458
-1.5
317 en
209
-2
108 240 en
101
-1.5
98 69 175 498 en
498
-9.08333
594 en
594
-0.5
247 en
32
-1.66667
111 en
84
4
25 477 en
477
-8
192 544 en
544
-7
34 en
29
-1
417 554 en
554
-3
416 en
417
2.66667
251 en
119
-2.5
104 178 241 en
28
2
58 108 231 299 532 en
532
7.5
182 en
299
-2.25
81 399 en
399
-5.83333
30 199 en
231
1
78 411 533 en
533
-3.91667
259 0 en
411
1
162 en
313
-5.25
181 en
58
3.25
54 96 291 en
156
2
49 293 en
293
2
106 443 en
443
-3
433 en
491
5
189 en
80
17.1667
en
89
-4.5
341 430 en
430
-2
45 494 en
494
-0.75
346 en
341
-0.333333
391 92 en
391
-2.25
172 599 en
599
0.833333
140 en
27
-6
en
462
0
en
519
-0.333333
en
50
-0.833333
53 64 581 en
581
-2.66667
339 en
468
-2
586 en
586
-7.5
490 en
53
-0.333333
79 549 en
549
6.33333
339 en
425
-0.0833333
472 551 en
551
1
165 en
81
6
107 83 565 en
565
-4
516 en
103
-6.66667
165 76 199 en
165
-3.33333
107 101 149 330 542 en
330
2
350 126 en
350
-3
142 en
395
-1.33333
516 en
105
-1
258 590 en
590
-3.5
145 en
258
-3.66667
123 553 en
553
0.416667
347 en
145
-2.25
74 101 41 187 253 en
253
1.16667
70 257 en
107
1
72 20 en
172
4
488 en
488
5
379 410 en
79
-2
25 134 115 en
134
-4.58333
en
325
-2.66667
313 en
85
-4.75
150 207 370 568 en
568
4.16667
437 en
370
-0.5
125 485 en
207
-2.66667
92 245 en
245
-0.583333
336 142 593 en
593
-6.16667
385 314 en
336
-6
47 373 en
373
2.66667
95 en
230
-16
75 en
321
1
en
205
5.66667
en
300
5
en
518
3.25
en
419
1.16667
en
497
-3.5
en
485
-3.25
en
355
-3
en
150
6
66 51 en
256
0
242 457 en
457
2.25
121 280 479 585 en
585
-6.16667
365 en
47
1
45 24 62 365 en
365
-6
174 en
180
-2
en
297
-13.0833
349 en
349
2
280 623 en
623
-7.16667
421 en
62
7
112 226 38 550 en
550
-1.33333
349 en
226
-1.75
184 21 125 294 490 en
490
-10.6667
383 560 en
560
2.66667
469 en
184
-2
157 en
157
-2
56 150 210 en
31
-9
196 en
167
-6.25
25 en
117
6
259 251 en
259
6.75
92 en
74
-4.83333
64 168 61 67 566 en
566
-0.166667
en
168
5.83333
150 269 en
173
7.08333
en
91
-5.5
115 183 236 359 en
528
-15.8333
en
540
3.5
en
236
1.5
21 117 en
185
4
177 201 228 535 en
535
0
336 606 en
606
-0.666667
60 en
333
0
en
500
1.16667
en
238
7
76 50 341 en
115
6
39 88 33 46 479 548 en
479
-4.83333
122 en
24
-7.75
159 296 en
296
7.75
0 325 en
159
-6.5
191 38 en
247
1.16667
173 388 en
441
-8.33333
610 en
610
7
268 en
388
3.08333
200 en
143
-2.08333
23 295 en
442
1
534 en
562
1.66667
en
45
-0.166667
20 55 222 en
222
-3
en
114
-4
233 en
237
1.75
520 en
520
-0.833333
63 en
54
-4.16667
55 164 115 en
55
0.5
46 380 en
380
-5
78 576 en
576
-6
176 en
78
1.5
170 25 396 244 en
396
-12.0833
0 155 en
359
1.25
en
170
-0.666667
260 450 218 en
450
-1.5
284 en
361
-1
140 en
284
0
103 en
260
6
147 279 382 en
382
5.58333
475 en
475
-0.833333
304 136 en
279
-4.5
521 en
521
-13.3333
264 en
264
2.75
en
22
0.25
3 62 393 473 46 en
473
2.58333
334 596 en
596
4.16667
315 en
423
7.33333
625 en
625
-11.5
587 en
587
-1.75
120 en
393
0.666667
en
174
0.333333
220 232 254 en
412
2.33333
350 en
277
8.5
en
254
-2
49 208 en
232
-5.66667
29 en
304
4
561 en
561
-1
174 en
251
-1.16667
381 en
392
-7.5
en
486
3
en
381
-5.33333
en
308
-5.5
572 246 en
572
-9.91667
386 en
505
-0.5
en
571
-3
259 en
220
-2.5
142 193 316 en
49
-1.33333
45 268 322 408 172 185 en
408
-4.75
306 79 315 en
322
-3
139 299 359 en
268
-6.41667
299 en
139
-10.1667
93 164 en
164
1.75
115 436 567 223 en
567
3.5
511 en
511
-3
269 en
436
0.666667
192 en
269
0.333333
153 291 en
389
-4
579 en
579
1.66667
373 en
132
-2.58333
127 235 46 282 en
282
-8.75
259 248 en
235
-4.66667
70 en
93
9.66667
29 36 219 en
147
4.5
200 211 213 184 354 en
354
-3
120 431 en
431
2.5
348 en
435
-0.666667
162 257 en
211
-1
172 405 en
405
-15.6667
151 208 en
200
-5.66667
108 523 569 en
569
2.5
541 en
523
-2
400 en
44
-2.5
32 51 80 241 28 en
241
12.5
57 421 en
421
0.333333
143 en
51
-4.58333
206 570 en
570
7
72 en
206
1.75
130 en
72
-17.75
70 142 en
369
-1.75
en
516
4
en
179
-5.75
171 97 en
90
6.25
140 en
140
4.58333
337 482 en
482
5.08333
171 en
337
1.83333
139 449 588 en
588
-3.5
152 en
449
0.25
320 406 en
37
-3
80 194 290 en
195
3.5
171 en
289
-1.5
189 en
208
-6.41667
en
469
0.833333
359 234 en
86
-4.08333
95 261 en
95
4.16667
23 63 en
63
6.33333
100 454 en
454
-8.83333
343 en
531
-1.08333
385 en
100
5
29 539 en
539
2
220 en
42
5.58333
71 33 en
508
-7
517 en
59
-8.25
128 444 605 en
605
-6.25
496 480 en
496
2.41667
198 en
444
-1.41667
318 48 254 en
111
-0.5
116 155 162 45 en
162
-1.41667
225 en
239
1.5
125 455 en
456
11.6667
406 en
225
-6.33333
620 en
620
0.416667
39 en
120
4.75
103 137 44 en
137
-1.66667
86 211 386 en
386
3.5
277 351 416 en
118
4
618 en
116
0
172 614 en
614
2.5
20 en
534
8.5
en
21
-7.16667
23 60 73 133 127 en
133
4.16667
en
283
-2
25 397 en
397
-6.5
168 en
73
0
44 72 45 en
60
1
42 75 143 247 286 240 299 207 73 en
149
-6.75
87 135 111 en
25
-2.75
22 30 151 176 273 193 en
176
2
158 en
151
-2.5
20 252 en
252
-8.58333
384 en
538
-3.83333
en
589
-5
en
30
1
35 358 292 512 en
487
3.33333
591 en
612
9.58333
en
591
2.16667
164 en
39
2.08333
69 66 93 114 152 250 270 320 301 en
320
3.5
64 466 en
356
-8.16667
200 en
547
-3.75
en
437
-2
225 en
270
9
84 197 502 en
502
4.83333
107 en
250
-0.25
117 53 en
96
-3
en
69
1.16667
29 en
64
-8.58333
67 en
201
-0.5
255 en
515
6.16667
en
376
-3.33333
154 446 108 en
446
6.25
149 en
255
-0.5
85 351 256 427 en
427
1.58333
341 111 en
261
-1
83 318 168 en
67
-2.33333
en
262
-3.66667
en
524
4
en
374
-1
196 en
106
8.16667
27 74 65 317 353 513 en
317
-3.5
en
213
-9.41667
135 527 en
527
-13.75
423 226 en
97
-0.333333
en
307
-17.75
68 56 en
556
-4.83333
578 en
578
-7.66667
193 en
129
8
120 311 en
311
-2.16667
78 318 en
298
0.833333
366 en
366
6.75
en
71
-2.5
131 133 181 37 416 55 555 en
555
-12.3333
25 106 en
416
1.83333
189 205 en
181
-9
60 en
163
2.33333
188 204 en
323
3.5
305 402 en
503
6.5
210 en
402
4
147 34 501 en
501
-2.66667
en
305
-2.66667
162 en
188
-3.25
en
131
-3.41667
96 95 492 en
492
6
280 en
280
11.1667
468 en
26
-4.5
447 en
447
-2.33333
374 476 545 en
545
-7.66667
263 en
476
-6.33333
en
316
3.25
43 en
615
0.25
en
377
-6.41667
449 en
383
-0.666667
en
420
-10.8333
296 75 en
318
1.33333
en
199
-7.5
387 267 en
413
-9
38 en
387
0
337 en
332
3.33333
en
306
3
573 en
573
5.41667
380 en
198
-9.66667
242 en
600
-3.75
en
438
6.33333
en
242
0
en
221
-2.33333
126 246 493 130 en
493
-5.75
150 604 en
604
-2
279 en
246
-2.5
195 327 231 en
327
3.5
525 en
525
3
85 en
65
-0.833333
70 46 82 202 325 522 en
522
-5.66667
496 en
148
7.75
127 153 607 en
607
1.5
52 en
153
-10.9167
557 en
557
-8.83333
243 en
292
-9.83333
en
203
-2.5
621 en
621
5.41667
314 en
314
-11.6667
323 en
70
-6
50 102 29 295 180 en
295
7.08333
91 324 en
324
-3.5
en
102
2.66667
220 en
23
1.91667
34 0 223 32 en
223
-4.33333
62 91 603 en
603
-2
407 en
407
1.83333
112 en
266
-8
110 en
127
4.58333
3 367 en
367
-10.6667
319 28 en
272
0.166667
127 326 en
326
-2.91667
252 395 en
210
-11.0833
129 en
233
1
156 en
558
9
en
87
-2
en
265
-4
en
455
1.5
255 en
347
3.58333
478 en
36
-5.16667
86 157 37 310 439 en
439
-5
595 en
595
0
335 en
335
-6.25
403 en
440
9.33333
en
403
-1.5
33 en
358
4
280 385 en
310
-3.66667
99 en
597
4
en
99
5
92 en
34
0
36 62 78 28 en
20
3.75
339 476 en
109
-4.16667
97 63 559 575 271 285 en
575
-7.75
348 609 en
559
-2.75
en
EHL
4
0
3 21 128 240 460 613 en
5
0
1 2 108 449 en
6
0
1 40 65 135 217 178 261 en
7
0
1 23 33 76 82 214 339 en
8
0
22 190 278 en
9
0
2 24 471 en
10
0
2 3 248 112 328 135 291 411 582 en
11
0
1 24 45 54 510 624 en
12
0
2 212 en
13
0
2 20 38 42 101 37 142 215 en
14
0
1 161 55 27 322 en
15
0
2 3 35 68 92 94 103 256 202 en
16
0
24 602 en
17
0
88 90 170 368 499 en
18
0
21 32 25 54 en
19
0
3 112 en
EIL

END
