0
0
en
1
0
en
2
0
en
3
0
en
EOL
161
-3
100 en
155
-3.41667
62 en
121
1.5
79 122 128 165 en
165
1.25
70 en
122
-10.5
151 en
151
-5.66667
89 en
118
-0.416667
0 en
127
-10
102 126 39 en
114
3.41667
45 en
111
-4.5
99 141 127 en
141
9.83333
126 en
126
-3
105 en
106
0
60 en
89
2.58333
3 en
85
-11.6667
117 154 en
154
0
84 en
117
3.5
89 en
74
-0.25
128 88 115 en
157
-2.08333
en
128
-1.41667
101 75 en
101
0.333333
34 75 en
68
0.583333
71 75 21 74 109 en
109
-0.333333
39 41 en
75
0.333333
134 en
134
2
60 en
142
3
en
84
2.25
en
82
5.5
125 107 en
71
2.75
en
102
8.41667
61 en
144
5.91667
136 150 97 en
150
2.66667
59 en
115
7
en
107
-5
166 en
166
3
149 en
162
-1.33333
en
65
-3.83333
91 54 130 102 en
130
6
128 en
91
-3.5
25 120 en
94
-4.58333
117 en
64
-9
en
60
-10.5
en
55
-3
125 98 101 en
125
-17
57 en
50
-3.5
48 61 92 en
45
-0.333333
64 56 34 136 138 en
138
-3.33333
125 en
136
-1.66667
76 en
90
-5
60 65 147 146 en
147
-5.33333
59 en
146
-4.25
en
61
3
90 en
48
4
45 50 139 en
139
-2
49 164 en
164
4
134 en
41
-7.66667
39 48 21 92 57 en
103
4.5
79 107 en
92
-0.5
en
124
-1.83333
111 en
133
3.83333
en
59
0.583333
97 60 140 54 en
140
-16
114 en
132
5
en
97
4.41667
107 118 en
56
0.75
39 3 69 50 100 en
100
-9.33333
25 91 en
69
9.75
145 en
160
-0.666667
en
145
-7.66667
107 en
143
-4.5
en
49
-2
en
39
-1.33333
45 55 76 88 98 123 en
123
1
49 en
88
9
73 en
149
2.33333
39 en
95
6.66667
85 89 en
120
-2.5
en
98
2
en
67
3.5
21 105 en
105
-14
41 92 en
34
2.66667
1 67 48 en
57
-4.5
en
32
-4.5
26 62 131 en
131
-0.833333
67 en
110
-0.5
95 53 en
25
4.33333
0 26 en
26
-8.33333
21 66 70 87 54 92 en
152
9.33333
111 48 en
87
0.25
73 49 117 153 en
153
0
84 en
159
-4.5
en
163
-3
en
73
-3.5
110 en
66
1.5
21 3 en
79
-7.5
82 39 en
62
-1.66667
158 en
158
-11.5
en
54
3
55 76 45 71 156 en
156
4
70 en
76
-0.333333
en
21
-2.25
0 53 25 49 en
53
-2.66667
70 61 en
99
-2.66667
en
70
-12.6667
25 68 48 en
EHL
4
0
50 49 111 en
5
0
39 41 25 68 127 en
6
0
49 68 121 en
7
0
2 1 0 89 120 en
8
0
0 60 106 55 en
9
0
21 94 64 114 155 en
10
0
2 1 3 21 74 56 32 en
11
0
3 25 2 48 en
12
0
32 70 49 118 120 en
13
0
21 32 59 en
14
0
1 21 105 en
15
0
1 2 34 60 68 161 en
16
0
21 0 1 45 89 55 en
17
0
1 2 3 125 en
18
0
0 25 en
19
0
2 53 en
EIL
0
0
en
1
0
en
2
0
en
3
0
en
EOL
161
-3
100 en
155
-3.41667
62 en
121
1.5
79 122 128 165 en
165
3
70 en
122
-5
151 en
151
-10
89 en
118
-0.916667
0 en
127
-10
102 126 39 en
114
3.41667
45 en
111
-4.5
99 141 127 en
141
8.33333
126 en
126
-3
105 en
106
8
60 en
89
3.33333
3 en
85
-11.6667
117 154 en
154
-2.66667
84 en
117
-3
89 en
74
-0.25
128 88 115 en
157
-0.333333
en
128
-1.41667
101 75 en
101
0.333333
34 75 en
68
0.583333
71 75 21 74 109 en
109
-4.83333
39 41 en
75
0.333333
134 en
134
-0.5
60 en
142
-15.5
en
84
2.25
en
82
5.5
125 107 en
71
2.75
en
102
7.41667
61 en
144
4.41667
136 150 97 en
150
2.16667
59 en
115
7.83333
en
107
1.83333
en
162
-6
en
65
-3.83333
91 54 130 102 en
130
-2.5
128 en
91
-2.5
25 120 en
94
-4.58333
117 en
64
-3.83333
en
60
-8.16667
en
55
-3
125 98 101 135 en
125
-17
57 en
50
-3
48 61 166 en
166
-8
91 en
45
-0.333333
64 56 34 136 138 en
138
-1.33333
125 en
136
2
76 en
90
4
60 65 147 en
147
-5.33333
59 en
146
-4.25
en
61
-4
90 en
48
4
45 50 139 en
139
-2
49 164 en
164
-3.33333
134 en
41
-7.66667
39 48 21 57 en
103
0
79 107 en
124
-1.83333
111 en
133
4.08333
en
59
1
97 60 140 54 en
140
-16
114 en
132
5
en
97
4.41667
107 118 en
56
1.5
39 3 69 50 100 en
100
-4.33333
25 91 en
69
3
145 en
160
3.33333
en
145
-7.66667
107 en
143
-4.5
en
49
0
en
39
-5.33333
45 55 76 88 98 123 en
123
1
49 en
88
9
73 en
149
-13.75
39 en
95
6.16667
85 89 en
120
-2.5
en
98
-10.5833
en
67
0
21 105 en
105
-10
41 en
34
-3.16667
1 67 48 en
57
-9
en
32
-4.5
26 62 131 en
131
-0.833333
67 en
110
1.5
95 53 en
25
-6
0 26 en
26
-8.33333
21 66 70 87 54 en
152
8.83333
111 48 en
87
-0.75
73 49 117 153 en
153
0
84 en
159
-9.5
en
163
-6
en
73
1
110 en
135
2.75
en
66
1.5
21 3 en
79
-6.5
82 39 en
62
12
158 en
158
-10
en
54
2.33333
55 76 45 71 156 en
156
-2.5
70 en
76
-0.166667
en
21
-2
0 53 25 49 en
53
-1.66667
70 61 en
99
-3.5
en
70
-1.66667
25 68 48 en
EHL
4
0
50 49 111 en
5
0
39 41 25 68 127 en
6
0
49 68 121 en
7
0
2 1 0 89 120 en
8
0
0 60 106 55 en
9
0
21 94 64 114 155 en
10
0
2 1 3 21 74 56 32 en
11
0
3 25 2 48 en
12
0
32 70 49 118 120 en
13
0
21 32 59 en
14
0
1 21 105 en
15
0
1 2 34 60 68 161 en
16
0
21 0 1 45 89 55 en
17
0
1 2 3 125 en
18
0
0 25 en
19
0
2 53 en
EIL
0
0
en
1
0
en
2
0
en
3
0
en
EOL
161
-4.5
100 en
155
-3.41667
62 en
121
1.5
79 122 128 165 en
165
2
70 en
122
-5.5
151 en
151
-6
89 en
118
-0.416667
0 en
127
-10
102 126 39 en
114
3.41667
45 en
111
-4.5
99 141 127 en
141
8.33333
126 en
126
0.333333
105 en
106
8
60 en
89
2.58333
3 en
85
-11.6667
117 154 en
154
5.16667
84 en
117
3.5
89 en
74
-0.25
128 88 115 en
157
-2.08333
en
128
-1.41667
101 75 en
101
0.333333
34 75 en
68
2.5
71 75 21 74 109 53 en
109
0.666667
39 41 en
75
0.333333
134 en
134
2
60 en
142
-15.5
en
84
2.25
en
82
5.5
125 107 en
71
2.75
en
102
8.41667
61 en
144
5.41667
136 150 97 en
150
2.66667
59 en
115
9
en
107
-5
en
162
-0.0833333
en
65
-3.83333
91 54 130 102 en
130
6
128 en
91
-2.5
25 120 en
94
-5.08333
117 en
64
-5.83333
en
60
-10.5
en
55
-3
125 98 101 en
125
-17
57 en
50
-3.5
48 61 92 en
45
-0.333333
64 56 34 136 138 en
138
-0.333333
125 en
136
-3.5
76 en
90
-8
60 65 147 146 en
147
-5.33333
59 en
146
2.33333
en
61
1.66667
90 en
48
4
45 50 139 en
139
-2
49 164 en
164
4
134 en
41
-7.66667
39 48 21 92 57 en
103
8
79 107 en
92
-0.5
en
124
-1.83333
111 en
133
3.83333
en
59
0.583333
97 60 140 54 en
140
-16
114 en
132
7
en
97
4.41667
107 118 en
56
1.5
39 3 69 50 100 en
100
-4.33333
25 91 en
69
9.75
145 en
160
-0.666667
en
145
-7.66667
107 en
143
-4.5
en
49
-2
en
39
-3.33333
45 55 76 88 98 123 en
123
1
49 en
88
1.5
73 en
149
2.33333
39 en
95
6.16667
85 89 en
120
-4.5
en
98
-10.5833
en
67
1.5
21 105 en
105
-9
41 92 en
34
-1.83333
1 67 48 en
57
-4.5
en
32
2
26 62 131 en
131
-0.833333
67 en
110
1.33333
95 53 en
25
6.33333
0 26 en
26
-8.33333
21 66 70 87 54 92 en
152
9.33333
111 48 en
87
0.25
73 49 117 153 en
153
0
84 en
159
-4.5
en
163
-3
en
73
-0.666667
110 en
66
2
21 3 en
79
-4.5
82 39 en
62
12
158 en
158
-10
en
54
2.33333
55 76 45 71 156 en
156
4
70 en
76
-4
en
21
-2.25
0 53 25 49 en
53
-2.66667
70 61 en
99
-2.66667
en
70
-13.3333
25 68 48 en
EHL
4
0
50 49 111 en
5
0
39 41 25 68 127 en
6
0
49 68 121 en
7
0
2 1 0 89 120 en
8
0
0 60 106 55 en
9
0
21 94 64 114 155 en
10
0
2 1 3 21 74 56 32 en
11
0
3 25 2 48 en
12
0
32 70 49 118 120 en
13
0
21 32 59 en
14
0
1 21 105 en
15
0
1 2 34 60 68 161 en
16
0
21 0 1 45 89 55 en
17
0
1 2 3 125 en
18
0
0 25 en
19
0
2 53 en
EIL
0
0
en
1
0
en
2
0
en
3
0
en
EOL
161
-3
100 en
155
-3.41667
62 en
121
1.5
79 122 128 165 en
165
1
70 en
122
-5
151 en
151
-10
89 en
118
-0.416667
0 en
127
-10
102 126 39 en
114
3.91667
45 en
111
-4.5
99 141 127 en
141
8.33333
126 en
126
1
105 en
106
7
60 en
89
2.58333
3 en
85
-11.6667
117 154 en
154
-2.66667
84 en
117
2.5
89 en
74
-0.25
128 88 115 en
157
-1
en
128
-1.41667
101 75 en
101
0.333333
34 75 en
68
0.583333
71 75 21 74 109 en
109
0.166667
39 41 en
75
0.333333
134 en
134
2.66667
60 en
142
-15.5
en
84
2.25
en
82
5.5
125 107 en
71
2.75
en
102
7.16667
61 en
144
4.41667
136 150 97 en
150
1.33333
59 en
115
6.33333
en
107
1.83333
en
162
-6
en
65
-3.83333
91 54 130 102 en
130
6.25
128 en
91
-2.75
25 120 en
94
-4.83333
117 en
64
-3.83333
en
60
-7.5
en
55
-3
125 98 101 135 en
125
-17
57 en
50
-5.5
48 61 92 166 en
166
-8
91 en
45
-0.333333
64 56 34 136 138 en
138
-0.333333
125 en
136
-2.5
76 en
90
-8
60 65 147 en
147
-5.33333
59 en
146
-4.25
en
61
1
90 en
48
1
45 50 139 en
139
-2
49 164 en
164
-3
134 en
41
-7.66667
39 48 21 92 57 en
103
-9
79 107 en
92
-3.5
en
124
-1.83333
111 en
133
4.08333
en
59
-1.08333
97 60 140 54 en
140
-1
114 en
132
5
en
97
4.41667
107 118 en
56
-0.166667
39 3 69 50 100 en
100
-4.33333
25 91 en
69
9.75
145 en
160
-0.666667
en
145
-7.66667
107 en
143
-5.83333
en
49
0
en
39
-3.33333
45 55 76 88 98 123 en
123
-1
49 en
88
9
73 en
149
-13.75
39 en
95
6.16667
85 89 en
120
-4.5
en
98
-10.5833
en
67
-0.75
21 105 en
105
-10
41 92 en
34
-1.5
1 67 48 en
57
-4.5
en
32
-4.5
26 62 131 en
131
-0.833333
67 en
110
-0.5
95 53 en
25
4.33333
0 26 en
26
-8.33333
21 66 70 87 54 92 en
152
8.83333
111 48 en
87
-0.0833333
73 49 117 153 en
153
0
84 en
159
-4.5
en
163
1
en
73
3
110 en
135
2.75
en
66
1.5
21 3 en
79
-4
82 39 en
62
12
158 en
158
-10
en
54
2.33333
55 76 45 71 156 en
156
-2.5
70 en
76
-3.5
en
21
-2
0 53 25 49 en
53
-2.66667
70 61 en
99
-2
en
70
-1.33333
25 68 48 en
EHL
4
0
50 49 111 en
5
0
39 41 25 68 127 en
6
0
49 68 121 en
7
0
2 1 0 89 120 en
8
0
0 60 106 55 en
9
0
21 94 64 114 155 en
10
0
2 1 3 21 74 56 32 en
11
0
3 25 2 48 en
12
0
32 70 49 118 120 en
13
0
21 32 59 en
14
0
1 21 105 en
15
0
1 2 34 60 68 161 en
16
0
21 0 1 45 89 55 en
17
0
1 2 3 125 en
18
0
0 25 en
19
0
2 53 en
EIL
0
0
en
1
0
en
2
0
en
3
0
en
EOL
161
-3
100 en
155
-3.41667
62 en
121
1.5
79 122 128 165 en
165
2
70 en
122
-5.5
151 en
151
-6
89 en
118
-0.416667
0 en
127
-10
102 126 39 en
114
3.41667
45 en
111
-4.5
99 141 127 en
141
8.33333
126 en
126
-3
105 en
106
8
60 en
89
2.58333
3 en
85
-11.6667
117 154 en
154
5.16667
84 en
117
3.5
89 en
74
-0.25
128 88 115 en
157
-2.08333
en
128
-1.41667
101 75 en
101
0.333333
34 75 en
68
0.583333
71 75 21 74 109 en
109
-0.333333
39 41 en
75
0.333333
134 en
134
2
60 en
142
3
en
84
2.25
en
82
5.5
125 107 en
71
2.75
en
102
8.41667
61 en
144
5.41667
136 150 97 en
150
2.66667
59 en
115
7
en
107
-5
166 en
166
3
149 en
162
-1.33333
en
65
-3.83333
91 54 130 102 en
130
6
128 en
91
-2.5
25 120 en
94
-5.08333
117 en
64
-5.83333
en
60
-10.5
en
55
-3
125 98 101 en
125
-17
57 en
50
-3.5
48 61 92 en
45
-0.333333
64 56 34 136 138 en
138
-0.333333
125 en
136
-3.5
76 en
90
-5
60 65 147 146 en
147
-5.33333
59 en
146
-4.25
en
61
3
90 en
48
4
45 50 139 en
139
-2
49 164 en
164
4
134 en
41
-7.66667
39 48 21 92 57 en
103
4.5
79 107 en
92
-0.5
en
124
-1.83333
111 en
133
3.83333
en
59
0.583333
97 60 140 54 en
140
-16
114 en
132
5
en
97
4.41667
107 118 en
56
1.5
39 3 69 50 100 en
100
-4.33333
25 91 en
69
9.75
145 en
160
-0.666667
en
145
-7.66667
107 en
143
-4.5
en
49
-2
en
39
-3.33333
45 55 76 88 98 123 en
123
1
49 en
88
9
73 en
149
2.33333
39 en
95
6.16667
85 89 en
120
-4.5
en
98
-10.5833
en
67
2.5
21 105 en
105
-9
41 92 en
34
2.66667
1 67 48 en
57
-4.5
en
32
-4.5
26 62 131 en
131
-0.833333
67 en
110
-0.5
95 53 en
25
4.33333
0 26 en
26
-8.33333
21 66 70 87 54 92 en
152
9.33333
111 48 en
87
0.25
73 49 117 153 en
153
0
84 en
159
-4.5
en
163
-3
en
73
-0.666667
110 en
66
1.5
21 3 en
79
-4.5
82 39 en
62
12
158 en
158
-10
en
54
3
55 76 45 71 156 en
156
4
70 en
76
-4
en
21
-2.25
0 53 25 49 en
53
-2.66667
70 61 en
99
-2.66667
en
70
-12.6667
25 68 48 en
EHL
4
0
50 49 111 en
5
0
39 41 25 68 127 en
6
0
49 68 121 en
7
0
2 1 0 89 120 en
8
0
0 60 106 55 en
9
0
21 94 64 114 155 en
10
0
2 1 3 21 74 56 32 en
11
0
3 25 2 48 en
12
0
32 70 49 118 120 en
13
0
21 32 59 en
14
0
1 21 105 en
15
0
1 2 34 60 68 161 en
16
0
21 0 1 45 89 55 en
17
0
1 2 3 125 en
18
0
0 25 en
19
0
2 53 en
EIL
0
0
en
1
0
en
2
0
en
3
0
en
EOL
161
-3
100 en
155
-3.41667
62 en
121
1.5
79 122 128 165 en
165
2
70 en
122
-5
151 en
151
-10
89 en
118
-0.416667
0 en
127
-10
102 126 39 en
114
3.41667
45 en
111
-4.5
99 141 127 en
141
8.33333
126 en
126
-3
105 en
106
8
60 en
89
2.58333
3 en
85
-11.6667
117 154 en
154
-2.66667
84 en
117
2.5
89 en
74
-0.25
128 88 115 en
157
-0.333333
en
128
-1.41667
101 75 en
101
0.333333
34 75 en
68
0.583333
71 75 21 74 109 en
109
0.166667
39 41 en
75
0.333333
134 en
134
2.66667
60 en
142
-15.5
en
84
2.25
en
82
5.5
125 107 en
71
2.75
en
102
7.41667
61 en
144
4.41667
136 150 97 en
150
2.66667
59 en
115
7.83333
en
107
1.83333
en
162
-6
en
65
-3.83333
91 54 130 102 en
130
6
128 en
91
-2.5
25 120 en
94
-4.83333
117 en
64
-3.83333
en
60
-8.5
en
55
-3
125 98 101 135 en
125
-17
57 en
50
-3.5
48 61 166 en
166
-8
91 en
45
-0.333333
64 56 34 136 138 en
138
-1.33333
125 en
136
-4.5
76 en
90
-8
60 65 147 en
147
-5.33333
59 en
146
-4.25
en
61
1
90 en
48
4
45 50 139 en
139
-2
49 164 en
164
-3.33333
134 en
41
-7.66667
39 48 21 57 en
103
-4
79 107 en
124
-1.83333
111 en
133
4.08333
en
59
-1.08333
97 60 140 54 en
140
-16
114 en
132
5
en
97
4.41667
107 118 en
56
1.5
39 3 69 50 100 en
100
-4.33333
25 91 en
69
9.75
145 en
160
-0.666667
en
145
-7.66667
107 en
143
-4.5
en
49
0
en
39
-3.33333
45 55 76 88 98 123 en
123
1
49 en
88
9
73 en
149
-13.75
39 en
95
6.16667
85 89 en
120
-4.5
en
98
-10.5833
en
67
0
21 105 en
105
-10
41 en
34
-1.83333
1 67 48 en
57
-4.5
en
32
-4.5
26 62 131 en
131
-0.833333
67 en
110
-0.5
95 53 en
25
4.33333
0 26 en
26
-8.33333
21 66 70 87 54 en
152
8.83333
111 48 en
87
-0.75
73 49 117 153 en
153
0
84 en
159
-9.5
en
163
1
en
73
1
110 en
135
2.75
en
66
1.5
21 3 en
79
-4.5
82 39 en
62
12
158 en
158
-10
en
54
2.33333
55 76 45 71 156 en
156
-2.5
70 en
76
-3.5
en
21
-2
0 53 25 49 en
53
-2.66667
70 61 en
99
-2.66667
en
70
-0.333333
25 68 48 en
EHL
4
0
50 49 111 en
5
0
39 41 25 68 127 en
6
0
49 68 121 en
7
0
2 1 0 89 120 en
8
0
0 60 106 55 en
9
0
21 94 64 114 155 en
10
0
2 1 3 21 74 56 32 en
11
0
3 25 2 48 en
12
0
32 70 49 118 120 en
13
0
21 32 59 en
14
0
1 21 105 en
15
0
1 2 34 60 68 161 en
16
0
21 0 1 45 89 55 en
17
0
1 2 3 125 en
18
0
0 25 en
19
0
2 53 en
EIL
0
0
en
1
0
en
2
0
en
3
0
en
EOL
161
-3
100 en
155
-3.41667
62 en
121
1.5
79 122 128 165 en
165
2
70 en
122
-5.5
151 en
151
-6
89 en
118
-0.416667
0 en
127
-10
102 126 39 en
114
3.41667
45 en
111
-4.5
99 141 127 en
141
8.33333
126 en
126
-3
105 en
106
8
60 en
89
2.58333
3 en
85
-11.6667
117 154 en
154
5.16667
84 en
117
3.5
89 en
74
-0.25
128 88 115 en
157
-2.08333
en
128
-1.41667
101 75 en
101
0.333333
34 75 en
68
0.583333
71 75 21 74 109 en
109
-0.333333
39 41 en
75
0.333333
134 en
134
2
60 en
142
-15.5
en
84
2.25
en
82
5.5
125 107 en
71
2.75
en
102
8.41667
61 en
144
5.41667
136 150 97 en
150
2.66667
59 en
115
7
en
107
-5
en
162
-0.333333
en
65
-3.83333
91 54 130 102 en
130
6
128 en
91
-2.5
25 120 en
94
-5.08333
117 en
64
-5.83333
en
60
-10.5
en
55
-3
125 98 101 en
125
-17
57 en
50
-3.5
48 61 92 en
45
-0.333333
64 56 34 136 138 en
138
-0.333333
125 en
136
-3.5
76 en
90
-8
60 65 147 146 en
147
-5.33333
59 en
146
-4.25
en
61
1.66667
90 en
48
4
45 50 139 en
139
-2
49 164 en
164
4
134 en
41
-7.66667
39 48 21 92 57 en
103
8
79 107 en
92
-0.5
en
124
-1.83333
111 en
133
3.83333
en
59
0.583333
97 60 140 54 en
140
-16
114 en
132
5
en
97
4.41667
107 118 en
56
1.5
39 3 69 50 100 en
100
-4.33333
25 91 en
69
9.75
145 en
160
-0.666667
en
145
-7.66667
107 en
143
-4.5
en
49
-2
en
39
-3.33333
45 55 76 88 98 123 en
123
1
49 en
88
9
73 en
149
2.33333
39 en
95
6.16667
85 89 en
120
-4.5
en
98
-10.5833
en
67
1.5
21 105 en
105
-9
41 92 en
34
-1.83333
1 67 48 en
57
-4.5
en
32
-4.5
26 62 131 en
131
-0.833333
67 en
110
-0.5
95 53 en
25
4.33333
0 26 en
26
-8.33333
21 66 70 87 54 92 en
152
9.33333
111 48 en
87
0.25
73 49 117 153 en
153
0
84 en
159
-4.5
en
163
-3
en
73
-0.666667
110 en
66
1.5
21 3 en
79
-4.5
82 39 en
62
12
158 en
158
-10
en
54
2.33333
55 76 45 71 156 en
156
4
70 en
76
-4
en
21
-2.25
0 53 25 49 en
53
-2.66667
70 61 en
99
-2.66667
en
70
-12.6667
25 68 48 en
EHL
4
0
50 49 111 en
5
0
39 41 25 68 127 en
6
0
49 68 121 en
7
0
2 1 0 89 120 en
8
0
0 60 106 55 en
9
0
21 94 64 114 155 en
10
0
2 1 3 21 74 56 32 en
11
0
3 25 2 48 en
12
0
32 70 49 118 120 en
13
0
21 32 59 en
14
0
1 21 105 en
15
0
1 2 34 60 68 161 en
16
0
21 0 1 45 89 55 en
17
0
1 2 3 125 en
18
0
0 25 en
19
0
2 53 en
EIL
0
0
en
1
0
en
2
0
en
3
0
en
EOL
161
-3
100 en
155
-3.41667
62 en
121
1.5
79 122 128 165 en
165
2
70 en
122
-5
151 en
151
-10
89 en
118
-0.416667
0 en
127
-10
102 126 39 en
114
3.41667
45 en
111
-4.5
99 141 127 en
141
8.33333
126 en
126
-3
105 en
106
8
60 en
89
2.58333
3 en
85
-11.6667
117 154 en
154
-2.66667
84 en
117
2.5
89 en
74
-0.25
128 88 115 en
157
-0.333333
en
128
-1.41667
101 75 en
101
0.333333
34 75 en
68
0.583333
71 75 21 74 109 en
109
0.166667
39 41 en
75
0.333333
134 en
134
2.66667
60 en
142
-15.5
en
84
2.25
en
82
5.5
125 107 en
71
2.75
en
102
7.41667
61 en
144
4.41667
136 150 97 en
150
2.66667
59 en
115
6.33333
en
107
1.83333
en
162
-6
en
65
-3.83333
91 54 130 102 en
130
6
128 en
91
-2.5
25 120 en
94
-4.83333
117 en
64
-3.83333
en
60
-8.5
en
55
-3
125 98 101 135 en
125
-17
57 en
50
-3.5
48 61 92 166 en
166
-8
91 en
45
-0.333333
64 56 34 136 138 en
138
-0.333333
125 en
136
-4.5
76 en
90
-8
60 65 147 en
147
-5.33333
59 en
146
-4.25
en
61
1
90 en
48
4
45 50 139 en
139
-2
49 164 en
164
-3
134 en
41
-7.66667
39 48 21 92 57 en
103
-4
79 107 en
92
-3.5
en
124
-1.83333
111 en
133
4.08333
en
59
-1.08333
97 60 140 54 en
140
-16
114 en
132
5
en
97
4.41667
107 118 en
56
1.5
39 3 69 50 100 en
100
-4.33333
25 91 en
69
9.75
145 en
160
-0.666667
en
145
-7.66667
107 en
143
-4.5
en
49
0
en
39
-3.33333
45 55 76 88 98 123 en
123
1
49 en
88
9
73 en
149
-13.75
39 en
95
6.16667
85 89 en
120
-4.5
en
98
-10.5833
en
67
0
21 105 en
105
-10
41 92 en
34
-1.83333
1 67 48 en
57
-4.5
en
32
-4.5
26 62 131 en
131
-0.833333
67 en
110
-0.5
95 53 en
25
4.33333
0 26 en
26
-8.33333
21 66 70 87 54 92 en
152
8.83333
111 48 en
87
-0.75
73 49 117 153 en
153
0
84 en
159
-4.5
en
163
1
en
73
1
110 en
135
2.75
en
66
1.5
21 3 en
79
-4.5
82 39 en
62
12
158 en
158
-10
en
54
2.33333
55 76 45 71 156 en
156
-2.5
70 en
76
-3.5
en
21
-2
0 53 25 49 en
53
-2.66667
70 61 en
99
-2.66667
en
70
-0.333333
25 68 48 en
EHL
4
0
50 49 111 en
5
0
39 41 25 68 127 en
6
0
49 68 121 en
7
0
2 1 0 89 120 en
8
0
0 60 106 55 en
9
0
21 94 64 114 155 en
10
0
2 1 3 21 74 56 32 en
11
0
3 25 2 48 en
12
0
32 70 49 118 120 en
13
0
21 32 59 en
14
0
1 21 105 en
15
0
1 2 34 60 68 161 en
16
0
21 0 1 45 89 55 en
17
0
1 2 3 125 en
18
0
0 25 en
19
0
2 53 en
EIL

END
