0
0
en
1
0
en
2
0
en
3
0
en
EOL
473
-5.16667
en
469
-15.1667
3 en
467
12
444 en
461
0
en
438
2.75
427 en
431
3.58333
3 en
422
8
457 en
457
-6.33333
362 426 en
415
0.666667
276 362 427 en
444
-1.33333
en
454
0.5
en
472
-7
en
432
-4.41667
426 en
400
6.5
468 471 en
471
0.75
438 en
468
-8.5
450 en
446
0
en
367
3.08333
en
441
-0.25
462 276 en
439
-5.08333
447 en
447
2.91667
459 en
427
0.166667
452 en
459
-3.33333
454 en
452
-14
435 en
435
-2.83333
432 en
362
-0.666667
1 416 471 en
416
-4.5
3 426 en
350
7.16667
1 425 en
450
1.91667
en
449
-1.58333
456 en
456
-2
446 460 en
466
-4.5
en
460
-0.416667
350 431 en
425
-5.75
en
324
-1.91667
en
443
-8
409 en
426
8.58333
0 400 451 362 en
451
3.66667
402 en
409
3
en
462
-1
en
276
-9.66667
0 en
402
-0.666667
367 en
453
0
451 en
114
-1.83333
2 en
429
-8.16667
437 en
437
6.41667
404 458 en
458
-9.5
en
81
-2.58333
2 3 425 465 en
465
2.33333
457 en
404
0
470 en
470
5.25
350 431 en
EHL
4
-4.41667
350 449 en
5
-2.66667
431 en
6
0.666667
114 362 400 461 432 en
7
-0.833333
2 362 3 425 en
8
2.25
0 2 400 367 en
9
-9
en
10
0.666667
114 3 en
11
7.66667
2 276 431 324 425 422 en
12
-1.66667
0 415 426 469 458 en
13
-13.1667
3 416 427 81 451 en
14
-10.8333
1 3 81 en
15
3
3 350 81 426 432 en
16
3.66667
1 324 415 en
17
-2.33333
en
18
-1.25
en
19
-4.08333
2 1 467 en
EIL
0
0
en
1
0
en
2
0
en
3
0
en
EOL
473
-5.16667
en
469
-14.8333
3 en
467
12
444 en
461
0
en
438
2.75
427 en
431
3.58333
3 en
422
8
457 en
457
-6.33333
362 426 en
415
0.666667
276 362 427 en
444
-1.33333
en
454
0.5
en
472
-4
en
432
-4.41667
426 en
400
6.5
468 471 en
471
0.75
438 en
468
-8.5
450 en
446
-7.83333
en
367
3.08333
en
441
-3.25
462 276 en
439
-5.08333
447 en
447
2.91667
459 en
427
0.166667
452 459 en
459
-3.33333
454 en
452
-14
435 en
435
-2.83333
432 en
362
-0.666667
1 416 471 en
416
-4.5
3 426 en
350
6.66667
1 425 en
450
1.91667
en
449
-1.58333
456 en
456
-2
446 460 en
466
-4.5
en
460
-0.416667
350 431 en
425
-5.75
en
324
-1.91667
en
443
-8
409 en
426
8.58333
0 400 451 362 en
451
3.66667
402 en
409
3
en
462
-1
en
276
-9.66667
0 en
402
-0.666667
367 en
453
0
451 en
114
-1.83333
2 en
429
-5.66667
437 en
437
6.41667
404 458 en
458
-9.5
en
81
-2.58333
2 3 425 465 en
465
2.33333
457 en
404
0
470 en
470
5.25
350 431 en
EHL
4
-4.41667
350 449 en
5
-2.66667
431 en
6
0.333333
114 362 400 461 432 en
7
-0.833333
2 362 3 425 en
8
2.25
0 2 400 367 en
9
-9
en
10
0.666667
114 3 en
11
7.91667
2 276 431 324 425 422 en
12
-1.66667
0 415 426 469 458 en
13
-13.1667
3 416 427 81 451 en
14
-10.8333
1 3 81 en
15
3
3 350 81 426 432 en
16
3.66667
1 324 415 en
17
-9
en
18
-1.25
en
19
-4.08333
2 1 467 en
EIL
0
0
en
1
0
en
2
0
en
3
0
en
EOL
473
-4.5
en
469
-13.8333
3 en
467
11
en
461
0
en
438
2.75
427 en
431
3.58333
3 en
422
8
457 en
457
-5.66666
362 426 en
415
0.666667
276 362 427 en
454
0.5
en
472
-4
en
432
-4.41667
426 en
400
6.5
468 471 en
471
2.25
438 en
468
-8
450 en
446
-7.83333
en
367
3.08333
en
441
-3.25
462 276 en
439
-5.08333
447 en
447
2.91667
459 en
427
0.166667
452 459 en
459
-3.33333
454 en
452
-13.6667
435 en
435
-2.83333
432 en
362
-0.666667
1 416 471 en
416
-4.5
3 426 en
350
7.16667
1 425 en
450
1.91667
en
449
-1.58333
456 en
456
-2
446 460 en
466
-4.5
en
460
-0.416667
350 431 en
425
-5.75
en
324
-1.91667
en
443
-8
409 en
426
8.58333
0 400 451 362 en
451
3.66667
402 en
409
3
en
462
-1
en
276
-9.66667
0 en
402
-0.666667
367 en
453
0
451 en
114
-1.83333
2 en
429
-5.66667
437 en
437
6.41667
404 458 en
458
-9.5
en
81
-2.58333
2 3 425 465 en
465
2.33333
457 en
404
0
470 en
470
5.25
350 431 en
EHL
4
8
350 449 en
5
-0.666667
431 en
6
0.333333
114 362 400 461 432 en
7
-0.833333
2 362 3 425 en
8
2.25
0 2 400 367 en
9
-9
en
10
0.666667
114 3 en
11
7.91667
2 276 431 324 425 422 en
12
-1.66667
0 415 426 469 458 en
13
-13.1667
3 416 427 81 451 en
14
-6.83333
1 3 81 en
15
3
3 350 81 426 432 en
16
3.66667
1 324 415 en
17
-3.66667
en
18
-1.25
en
19
-5.08333
2 1 467 en
EIL
0
0
en
1
0
en
2
0
en
3
0
en
EOL
473
-4.5
en
469
-14.8333
3 en
467
11
444 en
461
0
en
438
7.5
427 en
431
3.58333
3 en
422
8
457 en
457
-6.33333
362 426 en
415
0.666667
276 362 427 en
444
-1.33333
en
454
0.5
en
472
-4
en
432
-4.41667
426 en
400
6.5
468 471 en
471
2.25
438 en
468
-8
450 en
446
-7.83333
en
367
3.08333
en
441
-3.25
462 276 en
439
-5.08333
447 en
447
2.91667
459 en
427
0.166667
452 459 en
459
-3.33333
454 en
452
-14
435 en
435
-2.83333
432 en
362
-0.666667
1 416 471 en
416
-6.5
3 426 en
350
7.16667
1 425 en
450
1.91667
en
449
-1.58333
456 en
456
-2
446 460 en
466
-4.5
en
460
-0.416667
350 431 en
425
-5.75
en
324
-6.91667
en
443
-8
409 en
426
8.58333
0 400 451 362 en
451
3.66667
402 en
409
3
en
462
-1
en
276
-9.66667
0 en
402
-0.666667
367 en
453
0
451 en
114
-1.83333
2 en
429
-9.66667
437 en
437
6.41667
404 458 en
458
-9.5
en
81
-2.58333
2 3 425 465 en
465
2.33333
457 en
404
0
470 en
470
5.25
350 431 en
EHL
4
-5.66667
350 449 en
5
-0.666667
431 en
6
0.333333
114 362 400 461 432 en
7
-0.833333
2 362 3 425 en
8
2.25
0 2 400 367 en
9
-9
en
10
0.666667
114 3 en
11
7.91667
2 276 431 324 425 422 en
12
-1.66667
0 415 426 469 458 en
13
-13.1667
3 416 427 81 451 en
14
-6.83333
1 3 81 en
15
3
3 350 81 426 432 en
16
3.66667
1 324 415 en
17
-3.66667
en
18
-1.25
en
19
-4.08333
2 1 467 en
EIL
0
0
en
1
0
en
2
0
en
3
0
en
EOL
473
-5.16667
en
469
-15.1667
3 en
467
12
444 en
461
0
en
438
2.75
427 en
431
3.58333
3 en
422
8
457 en
457
-6.33333
362 426 en
415
0.666667
276 362 427 en
444
-1.33333
en
454
0.5
en
472
-7
en
432
-4.41667
426 en
400
6.5
468 471 en
471
0.75
438 en
468
-8.5
450 en
446
0
en
367
3.08333
en
441
-3.25
462 276 en
439
-5.08333
447 en
447
2.91667
459 en
427
0.166667
452 459 en
459
-3.33333
454 en
452
-14
435 en
435
-2.83333
432 en
362
-0.666667
1 416 471 en
416
-4.5
3 426 en
350
7.16667
1 425 en
450
1.91667
en
449
-1.58333
456 en
456
-2
446 460 en
466
-4.5
en
460
-0.416667
350 431 en
425
-5.75
en
324
-1.91667
en
443
-8
409 en
426
8.58333
0 400 451 362 en
451
3.66667
402 en
409
3
en
462
-1
en
276
-9.66667
0 en
402
-0.666667
367 en
453
0
451 en
114
-1.83333
2 en
429
-8.16667
437 en
437
6.41667
404 458 en
458
-9.5
en
81
-2.58333
2 3 425 465 en
465
2.33333
457 en
404
0
470 en
470
5.25
350 431 en
EHL
4
-4.41667
350 449 en
5
-2.66667
431 en
6
0.666667
114 362 400 461 432 en
7
-0.833333
2 362 3 425 en
8
2.25
0 2 400 367 en
9
-9
en
10
0.666667
114 3 en
11
7.66667
2 276 431 324 425 422 en
12
-1.66667
0 415 426 469 458 en
13
-13.1667
3 416 427 81 451 en
14
-10.8333
1 3 81 en
15
3
3 350 81 426 432 en
16
3.66667
1 324 415 en
17
-9
en
18
-1.25
en
19
-4.08333
2 1 467 en
EIL
0
0
en
1
0
en
2
0
en
3
0
en
EOL
473
-5.16667
en
469
-14.8333
3 en
467
12
444 en
461
0
en
438
2.75
427 en
431
3.58333
3 en
422
8
457 en
457
-6.33333
362 426 en
415
0.666667
276 362 427 en
444
-1.33333
en
454
0.5
en
472
-4
en
432
-4.41667
426 en
400
6.5
468 471 en
471
0.75
438 en
468
-8.5
450 en
446
-7.83333
en
367
3.08333
en
441
-3.25
462 276 en
439
-5.08333
447 en
447
2.91667
459 en
427
0.166667
452 459 en
459
-3.33333
454 en
452
-14
435 en
435
-2.83333
432 en
362
-0.666667
1 416 471 en
416
-4.5
3 426 en
350
7.16667
1 425 en
450
1.91667
en
449
-1.58333
456 en
456
-2
446 460 en
466
-4.5
en
460
-0.416667
350 431 en
425
-5.75
en
324
-1.91667
en
443
-8
409 en
426
8.58333
0 400 451 362 en
451
3.66667
402 en
409
3
en
462
-1
en
276
-9.66667
0 en
402
-0.666667
367 en
453
0
451 en
114
-1.83333
2 en
429
-5.66667
437 en
437
6.41667
404 458 en
458
-9.5
en
81
-2.58333
2 3 425 465 en
465
2.33333
457 en
404
0
470 en
470
5.25
350 431 en
EHL
4
-4.41667
350 449 en
5
-2.66667
431 en
6
0.333333
114 362 400 461 432 en
7
-0.833333
2 362 3 425 en
8
2.25
0 2 400 367 en
9
-9
en
10
0.666667
114 3 en
11
7.91667
2 276 431 324 425 422 en
12
-1.66667
0 415 426 469 458 en
13
-13.1667
3 416 427 81 451 en
14
-10.8333
1 3 81 en
15
3
3 350 81 426 432 en
16
3.66667
1 324 415 en
17
-9
en
18
-1.25
en
19
-4.08333
2 1 467 en
EIL
0
0
en
1
0
en
2
0
en
3
0
en
EOL
473
-4.5
en
469
-14.8333
3 en
467
11
444 en
461
0
en
438
2.75
427 en
431
3.58333
3 en
422
8
457 en
457
-6.33333
362 426 en
415
0.666667
276 362 427 en
444
-1.33333
en
454
0.5
en
472
-4
en
432
-4.41667
426 en
400
6.5
468 471 en
471
2.25
438 en
468
-8
450 en
446
-7.83333
en
367
3.08333
en
441
-3.25
462 276 en
439
-5.08333
447 en
447
2.91667
459 en
427
0.166667
452 459 en
459
-3.33333
454 en
452
-14
435 en
435
-2.83333
432 en
362
-0.666667
1 416 471 en
416
-4.5
3 426 en
350
7.16667
1 425 en
450
1.91667
en
449
-1.58333
456 en
456
-2
446 460 en
466
-4.5
en
460
-0.416667
350 431 en
425
-5.75
en
324
-1.91667
en
443
-8
409 en
426
8.58333
0 400 451 362 en
451
3.66667
402 en
409
3
en
462
-1
en
276
-9.66667
0 en
402
-0.666667
367 en
453
0
451 en
114
-1.83333
2 en
429
-5.66667
437 en
437
6.41667
404 458 en
458
-9.5
en
81
-2.58333
2 3 425 465 en
465
2.33333
457 en
404
0
470 en
470
5.25
350 431 en
EHL
4
-5.66667
350 449 en
5
-0.666667
431 en
6
0.333333
114 362 400 461 432 en
7
-0.833333
2 362 3 425 en
8
2.25
0 2 400 367 en
9
-9
en
10
0.666667
114 3 en
11
7.91667
2 276 431 324 425 422 en
12
-1.66667
0 415 426 469 458 en
13
-13.1667
3 416 427 81 451 en
14
-6.83333
1 3 81 en
15
3
3 350 81 426 432 en
16
3.66667
1 324 415 en
17
-3.66667
en
18
-1.25
en
19
-4.08333
2 1 467 en
EIL
0
0
en
1
0
en
2
0
en
3
0
en
EOL
473
-4.5
en
469
-14.8333
3 en
467
11
444 en
461
0
en
438
2.75
427 en
431
3.58333
3 en
422
8
457 en
457
-6.33333
362 426 en
415
0.666667
276 362 427 en
444
-1.33333
en
454
0.5
en
472
-4
en
432
-4.41667
426 en
400
6.5
468 471 en
471
2.25
438 en
468
-8
450 en
446
-7.83333
en
367
3.08333
en
441
-3.25
462 276 en
439
-5.08333
447 en
447
2.91667
459 en
427
0.166667
452 459 en
459
-3.33333
454 en
452
-14
435 en
435
-2.83333
432 en
362
-0.666667
1 416 471 en
416
-4.5
3 426 en
350
7.16667
1 425 en
450
1.91667
en
449
-1.58333
456 en
456
-2
446 460 en
466
-4.5
en
460
-0.416667
350 431 en
425
-5.75
en
324
-1.91667
en
443
-8
409 en
426
8.58333
0 400 451 362 en
451
3.66667
402 en
409
3
en
462
-1
en
276
-9.66667
0 en
402
-0.666667
367 en
453
0
451 en
114
-1.83333
2 en
429
-9.66667
437 en
437
6.41667
404 458 en
458
-9.5
en
81
-2.58333
2 3 425 465 en
465
2.33333
457 en
404
0
470 en
470
5.25
350 431 en
EHL
4
-5.66667
350 449 en
5
-0.666667
431 en
6
0.333333
114 362 400 461 432 en
7
-0.833333
2 362 3 425 en
8
2.25
0 2 400 367 en
9
-9
en
10
0.666667
114 3 en
11
7.91667
2 276 431 324 425 422 en
12
-1.66667
0 415 426 469 458 en
13
-13.1667
3 416 427 81 451 en
14
-6.83333
1 3 81 en
15
3
3 350 81 426 432 en
16
3.66667
1 324 415 en
17
-3.66667
en
18
-1.25
en
19
-4.08333
2 1 467 en
EIL

END
