-0.119308
0
0
en
1
0
en
2
0
en
3
0
en
EOL
110
1
66 en
108
-1
103 en
101
3.66667
66 en
100
3.91667
en
93
4.83333
104 en
104
-1
65 en
94
-1.66667
en
80
-7.58333
75 92 39 en
92
-14
77 58 en
75
2.75
73 77 en
71
-8
49 en
74
-0.166667
71 en
90
-1.75
en
69
1.25
55 87 82 80 33 101 en
87
-17.8333
89 0 82 en
89
-6.5
78 en
67
0.166667
70 72 66 en
72
1.83333
53 73 74 80 en
70
-3.66667
73 en
73
-1.66667
57 96 en
96
-3
53 103 en
66
4.5
en
65
-8
en
58
1
86 69 en
86
5.75
en
77
1.41667
92 106 en
106
7
49 en
95
2.16667
73 en
105
-0.916667
en
82
8.5
40 en
107
-0.666667
65 en
52
9.16667
57 97 en
97
-1.5
71 101 en
57
-13.8334
0 53 40 104 en
81
-5.66667
91 en
91
10
77 en
49
-1.16667
en
60
1.16667
2 en
55
-3
en
111
7
en
40
4.83333
1 25 en
39
0.5
78 87 en
78
0.5
69 60 en
37
-6.66667
25 103 en
103
-4.33333
66 en
43
-0.916667
39 50 53 61 75 74 3 en
61
2.16667
en
53
-1
50 52 en
50
1.91667
2 53 52 82 70 99 en
99
-1.5
97 en
33
-3.25
74 50 99 109 en
109
2
97 en
25
-1.91667
1 37 en
EHL
4
-5.41667
2 49 74 66 en
5
-0.333333
0 40 86 101 en
6
1
3 97 72 110 en
7
-1
0 25 en
8
4.75
2 3 25 66 71 75 49 en
9
1.66667
en
10
9
3 0 25 43 52 53 82 en
11
0
3 0 73 53 en
12
-12
3 37 78 en
13
-11.1667
3 en
14
2.5
49 52 69 en
15
-14.75
93 89 en
16
-0.5
1 33 25 58 108 en
17
0
2 1 25 73 en
18
6
89 40 77 en
19
-2.5
33 58 80 en
EIL
-0.091856
0
0
en
1
0
en
2
0
en
3
0
en
EOL
110
1
66 en
108
-1
103 en
101
3.66667
66 en
100
2.66667
en
93
4.83333
104 en
104
-1
65 en
94
-1.66667
en
80
-7.58333
75 92 39 en
92
-14
77 58 en
75
2.75
73 77 en
71
-8
49 en
74
-0.166667
71 en
90
-1.75
en
69
1.25
55 87 82 80 33 101 en
87
-17.8333
89 0 82 en
89
-6.5
78 en
67
0.166667
70 72 66 en
72
2.58333
53 73 74 80 en
70
-3.66667
73 en
73
-1.66667
57 96 en
96
-3
53 103 en
66
4.5
en
65
-8
en
58
0
86 69 en
86
5.75
en
77
1.41667
92 106 en
106
7
49 en
95
2.16667
73 en
105
-0.916667
en
82
8.5
40 en
107
-0.666667
65 en
52
9.16667
57 97 en
97
-6
71 101 en
57
-13.1667
0 53 40 104 en
81
-5.66667
91 en
91
10
77 en
49
-1.16667
en
60
1.16667
2 en
55
-3
en
111
7
en
40
3.83333
1 25 en
39
0.5
78 87 en
78
0.5
69 60 en
37
-6.66667
25 103 en
103
-4.33333
66 en
43
-0.916667
39 50 53 61 75 74 3 en
61
3.16667
en
53
-2
50 52 en
50
1.91667
2 53 52 82 70 99 en
99
-2.5
97 en
33
-3.25
74 50 99 109 en
109
2
97 en
25
-1.91667
1 37 en
EHL
4
-5.41667
2 49 74 66 en
5
-0.333333
0 40 86 101 en
6
1
3 97 72 110 en
7
-1
0 25 en
8
4.75
2 3 25 66 71 75 49 en
9
1.66667
en
10
9
3 0 25 43 52 53 82 en
11
0
3 0 73 53 en
12
-12
3 37 78 en
13
-12.5
3 en
14
2.5
49 52 69 en
15
-12.75
93 89 en
16
-0.5
1 33 25 58 108 en
17
-2.33333
2 1 25 73 en
18
3.08333
89 40 77 en
19
-4.33333
33 58 80 en
EIL
0.367951
0
0
en
1
0
en
2
0
en
3
0
en
EOL
114
-6
66 en
110
1
66 en
108
-5
103 en
101
3.66667
66 en
100
3.16667
en
93
4.83333
104 en
104
-1
65 en
94
-1.66667
en
80
-7.33333
75 92 39 en
92
-13
77 58 en
75
2.75
73 77 en
71
-12
49 112 113 en
113
5
108 en
112
7
86 en
74
-3.5
71 en
90
-1.75
en
69
1.25
55 87 82 80 33 101 en
87
-17.8333
89 0 82 en
89
-6.5
78 en
67
0.166667
70 72 66 en
72
2.58333
53 73 74 80 en
70
-3.66667
73 en
73
-1.66667
57 96 en
96
-0.666667
53 103 en
111
5.5
en
66
-2.5
en
65
-7
en
58
1
54 86 69 en
86
5.75
en
77
0.416667
92 106 en
106
7
49 en
95
2.16667
73 en
105
3
en
82
8.5
40 en
54
-2.25
66 90 80 107 en
107
-0.666667
65 en
52
0
57 97 en
97
-1.5
71 101 en
57
-13.6667
0 53 40 104 en
81
-6.16667
91 en
91
10.75
77 en
49
-1.16667
en
60
1.16667
2 en
55
-3
en
40
3.83333
1 25 en
39
1
78 87 en
78
-3.08333
69 60 en
37
-6.66667
25 103 en
103
-4.33333
66 en
43
0.0833333
39 50 53 61 75 74 54 3 en
61
4.16667
en
53
-1
50 54 52 en
50
1.91667
2 53 52 82 70 99 en
99
-1.5
97 en
33
-3.25
74 50 99 109 en
109
-1
97 en
25
-1.91667
1 37 en
EHL
4
-5.41667
2 49 74 66 en
5
-0.333333
0 40 86 101 en
6
-0.5
3 97 72 110 en
7
-1.5
0 25 en
8
4.75
2 3 25 66 71 75 49 en
9
1.66667
en
10
9
3 0 25 43 52 53 82 en
11
8.83333
3 0 73 53 en
12
6
3 37 78 en
13
-14
3 114 en
14
2.5
49 52 69 en
15
-12.75
93 89 en
16
0
1 33 25 58 108 en
17
-2.33333
2 1 25 73 en
18
3.08333
89 40 77 en
19
-4.83333
33 58 80 en
EIL
0.370997
0
0
en
1
0
en
2
0
en
3
0
en
EOL
110
1
66 en
108
-1
103 en
101
3.66667
66 en
100
2.91667
en
93
4.83333
104 en
104
-1
65 en
94
-1.66667
en
80
-7.58333
75 92 39 en
92
-14
77 58 en
75
2.75
73 77 en
71
-8
49 en
74
-0.166667
71 en
90
-1.75
en
69
1.25
55 87 82 80 33 101 en
87
-17.8333
89 0 82 en
89
-6.5
78 en
67
0.166667
70 72 66 en
72
2.58333
53 73 74 80 en
70
-3.66667
73 en
73
-1.66667
57 96 en
96
-3
53 103 en
66
4.5
en
65
-8
en
58
0.5
86 69 en
86
5.75
en
77
1.41667
92 106 en
106
7
49 en
95
5
73 en
105
-0.916667
en
82
8.5
40 en
107
-0.666667
65 en
52
9.16667
57 97 en
97
-1.5
71 101 en
57
-13.1667
0 53 40 104 en
81
-5.66667
91 en
91
10
77 en
49
-1.16667
en
60
1.16667
2 en
55
-3
en
111
7
en
40
3.83333
1 25 en
39
0.5
78 87 en
78
0.5
69 60 en
37
-6.66667
25 103 en
103
-4.33333
66 en
43
-0.916667
39 50 53 61 75 74 3 en
61
2.16667
en
53
-1
50 52 en
50
1.91667
2 53 52 82 70 99 en
99
-1.5
97 en
33
-3.25
74 50 99 109 en
109
2
97 en
25
-1.91667
1 37 en
EHL
4
-5.41667
2 49 74 66 en
5
-0.333333
0 40 86 101 en
6
1
3 97 72 110 en
7
-1
0 25 en
8
4.75
2 3 25 66 71 75 49 en
9
1.66667
en
10
9
3 0 25 43 52 53 82 en
11
0
3 0 73 53 en
12
-12
3 37 78 en
13
-12.5
3 en
14
2.5
49 52 69 en
15
-12.75
93 89 en
16
-0.5
1 33 25 58 108 en
17
0
2 1 25 73 en
18
6
89 40 77 en
19
-4.83333
33 58 80 en
EIL
-0.119308
0
0
en
1
0
en
2
0
en
3
0
en
EOL
110
1
66 en
108
-1
103 en
101
3.66667
66 en
100
3.91667
en
93
4.83333
104 en
104
-1
65 en
94
-1.66667
en
80
-7.58333
75 92 39 en
92
-14
77 58 en
75
2.75
73 77 en
71
-8
49 en
74
-0.166667
71 en
90
-1.75
en
69
1.25
55 87 82 80 33 101 en
87
-17.8333
89 0 82 en
89
-6.5
78 en
67
0.166667
70 72 66 en
72
2.58333
53 73 74 80 en
70
-3.66667
73 en
73
-1.66667
57 96 en
96
-3
53 103 en
66
4.5
en
65
-8
en
58
1
86 69 en
86
5.75
en
77
1.41667
92 106 en
106
7
49 en
95
2.16667
73 en
105
-0.916667
en
82
8.5
40 en
107
-0.666667
65 en
52
9.16667
57 97 en
97
-1.5
71 101 en
57
-13.8334
0 53 40 104 en
81
-5.66667
91 en
91
10
77 en
49
-1.16667
en
60
1.16667
2 en
55
-3
en
111
7
en
40
4.83333
1 25 en
39
0.5
78 87 en
78
0.5
69 60 en
37
-6.66667
25 103 en
103
-4.33333
66 en
43
-0.916667
39 50 53 61 75 74 3 en
61
2.16667
en
53
-1
50 52 en
50
1.91667
2 53 52 82 70 99 en
99
-1.5
97 en
33
-3.25
74 50 99 109 en
109
2
97 en
25
-1.91667
1 37 en
EHL
4
-5.41667
2 49 74 66 en
5
-0.333333
0 40 86 101 en
6
1
3 97 72 110 en
7
-1
0 25 en
8
4.75
2 3 25 66 71 75 49 en
9
1.66667
en
10
9
3 0 25 43 52 53 82 en
11
0
3 0 73 53 en
12
-12
3 37 78 en
13
-12.5
3 en
14
2.5
49 52 69 en
15
-14.75
93 89 en
16
-0.5
1 33 25 58 108 en
17
0
2 1 25 73 en
18
6
89 40 77 en
19
-2.5
33 58 80 en
EIL
-0.091856
0
0
en
1
0
en
2
0
en
3
0
en
EOL
110
1
66 en
108
-1
103 en
101
3.66667
66 en
100
2.66667
en
93
4.83333
104 en
104
-1
65 en
94
-1.66667
en
80
-7.58333
75 92 39 en
92
-14
77 58 en
75
2.75
73 77 en
71
-8
49 en
74
-0.166667
71 en
90
-1.75
en
69
1.25
55 87 82 80 33 101 en
87
-17.8333
89 0 82 en
89
-6.5
78 en
67
0.166667
70 72 66 en
72
2.58333
53 73 74 80 en
70
-3.66667
73 en
73
-1.66667
57 96 en
96
-3
53 103 en
66
4.5
en
65
-8
en
58
0
86 69 en
86
5.75
en
77
1.41667
92 106 en
106
7
49 en
95
2.16667
73 en
105
-0.916667
en
82
8.5
40 en
107
-0.666667
65 en
52
9.16667
57 97 en
97
-6
71 101 en
57
-13.1667
0 53 40 104 en
81
-5.66667
91 en
91
10
77 en
49
-1.16667
en
60
1.16667
2 en
55
-3
en
111
7
en
40
3.83333
1 25 en
39
0.5
78 87 en
78
0.5
69 60 en
37
-6.66667
25 103 en
103
-4.33333
66 en
43
-0.916667
39 50 53 61 75 74 3 en
61
3.16667
en
53
-2
50 52 en
50
1.91667
2 53 52 82 70 99 en
99
-2.5
97 en
33
-3.25
74 50 99 109 en
109
2
97 en
25
-1.91667
1 37 en
EHL
4
-5.41667
2 49 74 66 en
5
-0.333333
0 40 86 101 en
6
1
3 97 72 110 en
7
-1
0 25 en
8
4.75
2 3 25 66 71 75 49 en
9
1.66667
en
10
9
3 0 25 43 52 53 82 en
11
0
3 0 73 53 en
12
-12
3 37 78 en
13
-12.5
3 en
14
2.5
49 52 69 en
15
-12.75
93 89 en
16
-0.5
1 33 25 58 108 en
17
-2.33333
2 1 25 73 en
18
3.08333
89 40 77 en
19
-4.83333
33 58 80 en
EIL
0.367951
0
0
en
1
0
en
2
0
en
3
0
en
EOL
114
-6
66 en
110
1
66 en
108
-5
103 en
101
3.66667
66 en
100
3.16667
en
93
4.83333
104 en
104
-1
65 en
94
-1.66667
en
80
-7.33333
75 92 39 en
92
-13
77 58 en
75
2.75
73 77 en
71
-12
49 112 113 en
113
5
108 en
112
7
86 en
74
-3.5
71 en
90
-1.75
en
69
1.25
55 87 82 80 33 101 en
87
-17.8333
89 0 82 en
89
-6.5
78 en
67
0.166667
70 72 66 en
72
2.58333
53 73 74 80 en
70
-3.66667
73 en
73
-1.66667
57 96 en
96
-0.666667
53 103 en
111
5.5
en
66
-2.5
en
65
-7
en
58
1
54 86 69 en
86
5.75
en
77
0.416667
92 106 en
106
7
49 en
95
2.16667
73 en
105
3
en
82
8.5
40 en
54
-2.25
66 90 80 107 en
107
-0.666667
65 en
52
5.16667
57 97 en
97
-1.5
71 101 en
57
-13.6667
0 53 40 104 en
81
-6.16667
91 en
91
10.75
77 en
49
-1.16667
en
60
1.16667
2 en
55
-3
en
40
3.83333
1 25 en
39
1
78 87 en
78
-3.08333
69 60 en
37
-6.66667
25 103 en
103
-4.33333
66 en
43
0.0833333
39 50 53 61 75 74 54 3 en
61
4.16667
en
53
-1
50 54 52 en
50
1.91667
2 53 52 82 70 99 en
99
-1.5
97 en
33
-3.25
74 50 99 109 en
109
-1
97 en
25
-1.91667
1 37 en
EHL
4
-5.41667
2 49 74 66 en
5
-0.333333
0 40 86 101 en
6
-0.5
3 97 72 110 en
7
-1.5
0 25 en
8
4.75
2 3 25 66 71 75 49 en
9
1.66667
en
10
9
3 0 25 43 52 53 82 en
11
8.83333
3 0 73 53 en
12
-12
3 37 78 en
13
-12.5
3 114 en
14
2.5
49 52 69 en
15
-12.75
93 89 en
16
0
1 33 25 58 108 en
17
-2.33333
2 1 25 73 en
18
3.08333
89 40 77 en
19
-4.83333
33 58 80 en
EIL
0.370997
0
0
en
1
0
en
2
0
en
3
0
en
EOL
110
1
66 en
108
-1
103 en
101
3.66667
66 en
100
2.91667
en
93
4.83333
104 en
104
-1
65 en
94
-1.66667
en
80
-7.58333
75 92 39 en
92
-14
77 58 en
75
2.75
73 77 en
71
-8
49 en
74
-0.166667
71 en
90
-1.75
en
69
1.25
55 87 82 80 33 101 en
87
-17.8333
89 0 82 en
89
-6.5
78 en
67
0.166667
70 72 66 en
72
2.58333
53 73 74 80 en
70
-3.66667
73 en
73
-1.66667
57 96 en
96
-3
53 103 en
66
4.5
en
65
-8
en
58
1
86 69 en
86
5.75
en
77
1.41667
92 106 en
106
7
49 en
95
2.16667
73 en
105
-0.916667
en
82
8.5
40 en
107
-0.666667
65 en
52
9.16667
57 97 en
97
-1.5
71 101 en
57
-13.1667
0 53 40 104 en
81
-5.66667
91 en
91
10
77 en
49
-1.16667
en
60
1.16667
2 en
55
-3
en
111
7
en
40
3.83333
1 25 en
39
0.5
78 87 en
78
0.5
69 60 en
37
-6.66667
25 103 en
103
-4.33333
66 en
43
-0.916667
39 50 53 61 75 74 3 en
61
2.16667
en
53
-1
50 52 en
50
1.91667
2 53 52 82 70 99 en
99
-1.5
97 en
33
-3.25
74 50 99 109 en
109
2
97 en
25
-1.91667
1 37 en
EHL
4
-5.41667
2 49 74 66 en
5
-0.333333
0 40 86 101 en
6
1
3 97 72 110 en
7
-1
0 25 en
8
4.75
2 3 25 66 71 75 49 en
9
1.66667
en
10
9
3 0 25 43 52 53 82 en
11
0
3 0 73 53 en
12
-12
3 37 78 en
13
-12.5
3 en
14
2.5
49 52 69 en
15
-12.75
93 89 en
16
-0.5
1 33 25 58 108 en
17
0
2 1 25 73 en
18
6
89 40 77 en
19
-4.83333
33 58 80 en
EIL

END
